0,-0.011874,0.004717,0.014093,-0.150270,-0.044872,0.021586,0.107892,0.004192,-0.024443,0.026710,0.076746,-0.179314,0.007147,0.000721,-0.017188,0.057326,0.047096,0.002056
1,0.016988,0.003430,-0.013858,-0.087894,-0.053800,0.022446,0.085840,-0.024812,-0.037534,-0.003050,-0.022523,-0.193165,-0.005918,-0.012651,-0.022771,-0.022796,0.120019,0.018481
2,-0.056067,0.008665,-0.030019,-0.115108,-0.042573,0.063763,0.053909,0.070454,-0.075227,-0.014654,0.037410,-0.024593,0.088741,-0.009983,-0.216348,-0.031846,-0.099958,0.010798
3,-0.142756,0.077084,-0.134449,-0.110687,-0.130330,-0.054976,-0.008321,0.126227,-0.147248,0.062447,0.109548,-0.086461,-0.007136,-0.043132,-0.054914,0.074966,-0.114355,-0.032900
4,-0.137012,-0.010287,-0.118178,-0.124683,-0.014507,0.102898,-0.047902,0.088464,-0.148975,-0.186408,0.047139,0.008417,0.050180,-0.045142,-0.026974,-0.062262,-0.062222,-0.061078
5,0.139156,0.040083,0.035810,0.012036,-0.003140,0.095308,0.068997,0.028056,0.048044,0.034014,-0.061778,0.090837,0.205430,-0.049246,-0.219248,-0.019969,-0.041304,0.051783
6,-0.178666,-0.042432,-0.139332,-0.154282,-0.114082,0.115728,-0.031560,0.040633,-0.145591,-0.068454,0.078626,-0.018857,0.059214,0.028945,-0.038615,-0.033998,-0.140931,-0.018437
7,-0.009185,0.052939,0.041266,-0.027676,-0.058022,0.152487,0.015821,0.041148,-0.134073,-0.070021,-0.094707,0.044128,-0.075132,-0.095212,-0.049524,0.006015,-0.028303,-0.026470
8,-0.143068,0.069615,0.048893,-0.052351,-0.225450,0.137159,0.015607,0.046330,-0.042501,-0.009922,0.078672,0.005771,-0.086962,-0.181602,-0.081447,0.144262,-0.049043,0.010049
9,-0.021004,0.005844,0.026292,-0.012312,-0.037840,0.075721,0.010778,0.010257,-0.106227,-0.160046,-0.137708,-0.010225,0.129969,0.016172,-0.047724,-0.091866,-0.000717,-0.028444
10,-0.123348,0.084381,-0.029480,0.020620,-0.048968,0.054081,0.046533,0.065045,0.030975,0.166737,-0.127820,0.043768,0.215941,-0.100030,-0.102398,-0.093198,-0.072758,0.116273
11,-0.085267,-0.137802,-0.119547,-0.023152,-0.211580,-0.245315,0.032978,0.103401,-0.130571,-0.055044,0.131814,-0.060938,-0.004924,-0.046416,-0.070357,-0.104923,-0.069932,0.026111
12,0.049048,-0.002102,-0.016649,-0.044506,0.020756,0.119598,0.018347,0.100015,-0.060837,-0.111711,0.046437,-0.021552,0.062728,-0.018632,-0.074640,-0.072956,-0.057485,-0.122997
13,-0.099300,0.030432,-0.094435,0.003648,-0.055808,0.041392,0.042681,0.042610,0.013158,0.130309,-0.012948,0.035374,0.176956,0.049337,-0.008010,-0.001203,-0.063680,0.125355
14,-0.013160,0.036523,-0.101733,-0.097619,0.025660,0.111254,0.059790,0.099170,-0.087815,0.018007,0.019294,0.036802,0.045755,-0.081814,-0.129963,0.075043,-0.041862,-0.020519
15,-0.139505,-0.018844,0.052527,-0.023443,-0.179642,0.041614,-0.043550,0.089367,0.041399,-0.016564,0.068397,-0.079844,-0.221748,-0.195574,0.027592,0.125599,-0.017759,0.144867
16,-0.016477,-0.072799,-0.071357,-0.040616,0.014988,0.092432,0.049949,0.053202,-0.145072,0.240854,0.102806,0.019318,-0.022095,0.245407,-0.053864,-0.060726,-0.052668,0.054544
17,0.007296,-0.016907,0.047610,-0.032365,-0.084733,0.131680,0.015555,0.036950,-0.088929,-0.125227,-0.023450,0.009473,-0.106739,0.004410,0.025773,0.055166,-0.025160,-0.111351
18,0.002649,0.010848,-0.107098,-0.111317,-0.060677,0.184755,0.063639,0.078558,-0.124712,-0.050408,0.117217,0.094593,0.032751,0.025410,-0.111721,0.033532,-0.038538,-0.061400
19,-0.035458,0.025633,-0.097261,-0.083929,-0.030681,0.026607,-0.010304,0.069712,-0.025987,-0.040731,0.026326,-0.038364,0.063540,0.039677,-0.011424,-0.011110,0.025703,-0.075063
20,-0.193871,0.000597,0.092241,-0.006838,-0.152407,0.109930,-0.068755,0.127722,-0.025256,-0.011987,0.098107,-0.090947,-0.156416,-0.142075,-0.016290,0.117917,-0.059062,0.074141
21,-0.183985,0.006512,-0.083068,-0.072867,0.054756,0.111555,-0.047102,0.069322,0.029085,0.151124,-0.064793,0.025938,0.161799,-0.029301,-0.050348,-0.017191,-0.077754,0.036959
22,-0.044401,0.077999,-0.030470,-0.044740,-0.059070,0.063022,0.042515,0.102968,-0.036243,0.011927,0.021665,0.068559,0.130140,0.001860,-0.159907,0.007748,-0.057905,0.125435
23,0.021409,-0.028065,0.000484,-0.047128,-0.015241,0.122709,0.016131,-0.010347,-0.077815,-0.053490,0.003519,0.030210,0.060414,0.082876,-0.070795,-0.048230,0.001407,-0.126542
24,-0.011334,0.160784,-0.041977,0.034006,0.011825,0.090112,-0.015992,0.094377,-0.020308,-0.101370,0.074467,0.086629,0.162843,-0.111267,-0.029040,-0.063116,-0.047081,0.025129
25,-0.073153,-0.011064,-0.107607,-0.090953,-0.014050,0.035432,0.056666,0.085020,-0.075662,-0.054915,0.082391,0.029082,0.050251,-0.021281,-0.107760,0.033036,-0.042061,-0.033574
26,-0.053116,0.014019,-0.069715,-0.030973,-0.048688,0.132082,-0.005135,-0.024789,-0.036304,0.033071,0.086507,0.008172,0.045054,0.166676,-0.123606,0.021897,-0.014547,0.062533
27,-0.025348,0.105249,0.141668,-0.005633,-0.072890,0.155730,-0.019531,-0.054909,-0.059490,-0.013664,-0.033495,0.054627,0.084687,-0.083426,-0.072415,0.014153,-0.042832,0.007456
28,0.120810,0.012431,0.011698,0.004486,0.066756,-0.040818,-0.033074,0.007568,-0.008613,-0.045692,-0.106959,0.006119,-0.009248,0.143581,-0.093023,0.022813,0.112885,-0.119063
29,0.072113,0.033181,-0.001982,-0.060827,0.081408,0.020446,0.063307,-0.018045,-0.014577,-0.133932,-0.036191,0.056845,0.058482,0.017804,-0.049290,-0.003481,-0.039123,-0.178723
30,-0.037043,-0.040585,0.039164,0.041645,0.013920,0.060568,0.035637,0.029754,-0.032116,0.034053,0.021596,0.054083,0.060106,0.043185,-0.110589,-0.053345,-0.160412,0.096827
31,-0.029174,0.061470,-0.011032,-0.044552,-0.005315,0.043795,0.089252,-0.011235,-0.029775,-0.092728,-0.039320,0.097323,0.196004,0.042839,-0.085209,-0.053935,0.004482,0.039089
32,0.041877,-0.014536,-0.048842,0.094922,-0.007757,0.071731,0.026799,0.036723,-0.041015,0.037843,0.012582,0.012595,0.014131,-0.005405,-0.022291,-0.045482,0.009963,0.063183
33,-0.067553,-0.019738,0.020901,0.038709,-0.027284,0.070736,-0.030516,0.028947,-0.103622,-0.005357,0.004468,-0.037230,0.001548,0.038157,-0.018855,-0.029976,-0.040245,-0.037271
34,0.046025,0.007855,-0.012259,0.029273,0.064560,-0.054637,-0.034499,-0.035109,0.022453,0.084606,0.101493,-0.016383,-0.062268,0.010770,0.090591,0.030664,-0.009006,-0.036652
35,-0.106428,0.011296,0.025374,-0.019116,-0.140781,0.054853,-0.000944,0.129737,-0.068124,-0.024476,0.010217,-0.029636,-0.052870,-0.131360,-0.027816,0.111401,-0.071506,0.102935
36,-0.153136,-0.070468,-0.053152,0.009222,-0.139822,-0.219997,-0.028627,0.036876,-0.060622,-0.017090,0.190289,-0.008126,-0.094370,-0.021997,0.021182,0.051511,-0.064556,0.092530
37,-0.083297,0.022641,-0.106640,-0.079033,0.039846,0.064296,-0.006418,0.032160,-0.145998,-0.065149,0.111825,-0.002323,0.070940,0.011453,-0.047401,-0.016847,-0.041254,-0.119332
38,-0.027201,0.008688,0.034081,0.033986,0.002409,-0.039052,-0.107193,0.008871,0.071043,0.021459,-0.057670,-0.081759,-0.025979,-0.086611,0.160889,0.061202,0.021175,0.066907
39,0.025655,0.063425,0.041566,0.024478,0.095805,-0.068733,-0.041548,0.042566,0.009833,-0.101243,0.037421,0.052563,0.004691,-0.115899,0.062451,0.023322,-0.009365,0.005422
40,-0.099986,0.038059,-0.176564,-0.061876,-0.054470,0.028485,-0.038650,0.048439,-0.114183,-0.056674,0.054903,0.006162,-0.004255,-0.065639,0.004736,-0.000180,-0.124049,-0.072314
41,-0.120573,0.008844,-0.008772,-0.016191,0.010263,0.105854,-0.018222,-0.000959,-0.071063,0.021867,-0.044503,0.044967,0.001713,0.003392,0.113739,0.086644,-0.111041,0.020293
42,-0.077214,-0.007977,0.026136,0.054633,0.038322,0.067689,-0.032883,0.005686,-0.025801,0.058318,0.035773,0.005706,0.015619,-0.095666,0.042355,0.090546,0.007576,0.130817
43,-0.016352,0.184985,0.038669,0.077329,-0.015278,0.189888,-0.055488,0.018246,-0.030543,-0.053245,-0.021725,0.070177,0.113360,-0.063783,0.005252,-0.058239,-0.039820,0.047508
44,-0.043407,-0.014968,0.048726,0.006175,0.035407,0.100819,0.021527,0.063981,-0.029408,0.092953,0.066073,0.037687,0.044647,0.066086,-0.142867,-0.019365,-0.067470,-0.002943
45,0.064626,0.093724,0.101972,0.058099,-0.011389,0.051177,0.083648,0.054674,0.008947,0.019156,-0.091887,0.052691,0.083327,0.006297,-0.035010,-0.002146,0.027563,-0.010441
46,-0.007435,-0.034844,0.021464,0.037239,0.059388,-0.147066,-0.021559,-0.080934,0.028672,0.046210,0.027129,-0.054378,-0.135587,-0.095742,0.007204,0.083119,0.068449,-0.065946
47,-0.047565,-0.033025,-0.122970,-0.052160,0.100556,-0.005647,-0.075590,0.056936,-0.017456,-0.004368,0.031943,0.019818,0.067410,0.026895,0.001034,0.044312,-0.017461,-0.104400
48,-0.060052,-0.001580,0.076015,0.007302,0.170996,0.032955,-0.067235,0.061697,-0.010610,0.032833,0.053395,0.044034,0.070373,-0.006022,0.048579,0.017388,-0.075135,0.001500
49,0.072941,-0.045117,0.151267,0.025468,-0.012065,-0.034230,0.000732,-0.043973,0.115822,0.066887,-0.000377,0.059259,-0.101926,0.079699,-0.024097,-0.036011,0.037144,-0.016460
50,-0.003970,-0.001464,-0.040364,-0.011213,0.049580,0.143078,0.062013,0.092804,-0.044556,-0.071539,-0.026507,0.018912,0.082169,0.069774,-0.127004,0.013944,-0.060846,0.010490
51,0.012824,0.062633,0.109756,-0.010359,0.066972,-0.023571,-0.021034,-0.023911,0.065051,0.093710,0.008225,0.043916,-0.002934,-0.041986,0.006869,0.036992,-0.035139,-0.019160
52,-0.060657,-0.031396,-0.055958,-0.011823,0.022069,0.024335,0.025772,-0.001260,-0.087550,0.014084,-0.028095,0.031797,0.111384,0.015139,-0.072127,0.005290,0.013010,-0.082537
53,0.011341,-0.034698,0.021108,0.072591,-0.000491,-0.145621,-0.051647,-0.037942,0.135626,-0.034202,-0.040730,-0.011431,-0.019648,-0.041728,0.090255,0.053764,-0.005860,0.012814
54,-0.040023,0.012292,0.006595,0.029165,0.009503,-0.072719,-0.006523,0.028031,0.065309,0.000041,0.038798,-0.082975,-0.059835,-0.002655,0.019621,0.092682,-0.039979,-0.013470
55,0.126627,0.048464,0.092101,0.010160,-0.003256,0.084229,0.013423,-0.051605,0.027449,-0.043788,-0.045996,0.042755,0.020549,0.101915,-0.027495,-0.036456,-0.067554,0.000562
56,-0.004131,-0.060410,-0.014221,0.084988,-0.008343,0.003709,-0.047417,0.025438,-0.028302,-0.038267,0.012528,0.056955,0.012423,0.001820,0.055252,0.074852,-0.007081,-0.017125
57,-0.061511,0.086086,0.037105,0.057973,0.066256,0.028961,-0.049895,0.099359,0.002275,0.006994,0.065189,-0.022433,-0.071777,0.003870,0.086786,-0.006892,-0.044695,0.042551
58,-0.045826,0.013369,-0.005544,-0.012821,-0.027052,0.033758,-0.001224,0.018692,-0.019140,-0.014815,0.093273,0.085328,0.014247,0.005737,-0.038763,-0.043951,-0.103541,0.062870
59,-0.041610,0.051633,-0.004290,-0.031170,-0.084532,0.071916,-0.050901,0.000562,-0.071238,0.066064,0.110446,0.023287,0.049470,0.049729,-0.030323,0.012110,-0.034631,0.001567
60,0.021733,-0.014249,0.061419,0.053619,0.141658,-0.075193,-0.075380,0.080573,0.010228,-0.040548,0.030806,0.008796,0.013442,-0.050102,0.082523,0.009821,0.021934,-0.046957
61,-0.131025,-0.005164,0.100631,0.019901,0.021262,-0.077639,-0.071118,-0.026706,0.022677,-0.058064,0.074232,-0.002222,-0.031318,-0.111622,0.084990,-0.005216,-0.003823,-0.065471
62,-0.054377,-0.058412,-0.003676,0.019521,0.113746,0.036604,0.029416,-0.029176,-0.016419,0.076742,0.059543,-0.033723,-0.018783,-0.074191,0.066889,0.058934,0.013588,0.052133
63,0.013455,0.038970,-0.021324,0.018912,0.077686,-0.038203,-0.040855,-0.015426,0.034862,-0.019120,-0.004051,0.051170,0.087875,-0.095950,0.020694,0.029512,-0.006436,-0.003235
64,-0.173796,0.038671,0.034098,0.024588,-0.155777,0.044927,-0.045483,0.168796,-0.014108,-0.046827,0.057443,-0.038198,-0.051142,-0.140264,-0.006936,0.090728,-0.086990,0.002210
65,-0.042360,0.006486,0.007672,0.044667,0.062658,-0.067701,0.057167,0.000633,0.035237,0.006994,0.018876,0.034147,-0.051306,-0.043368,0.008100,0.056127,0.042009,-0.011368
66,-0.167833,0.025178,-0.036255,-0.013554,-0.154940,0.023629,-0.048491,0.123968,-0.046938,-0.021436,0.148565,0.065782,-0.092797,-0.180292,-0.074871,0.087782,-0.083838,0.024475
67,-0.011526,0.077055,-0.067612,0.009838,-0.030899,0.017207,-0.015414,0.028987,-0.036526,-0.019791,-0.030863,-0.015078,0.093330,-0.033891,-0.011785,-0.009307,-0.064410,-0.039350
68,0.017158,0.082754,0.005535,0.042270,-0.028902,0.032126,0.016405,0.054667,-0.042935,0.020902,-0.035424,0.038721,0.058545,0.044454,-0.098750,-0.056486,-0.073020,0.048427
69,0.003961,-0.018790,0.080818,0.003525,-0.020045,-0.024589,-0.072071,0.026397,0.089754,-0.012985,0.020432,0.011481,-0.049299,-0.047336,0.086794,-0.005833,0.005796,0.120072
70,0.102522,-0.010710,0.104459,-0.042116,0.003758,-0.012073,0.091608,-0.042924,0.001544,0.000025,-0.017860,0.016668,0.023854,0.080110,0.046740,-0.096094,0.060228,-0.038370
71,-0.070173,0.034220,0.007810,0.074531,-0.086999,0.129938,-0.056801,0.023609,0.016439,0.028883,0.074314,0.067154,-0.173961,-0.069007,0.021547,0.031162,-0.079075,-0.043166
72,0.018851,0.010836,0.028791,0.144000,0.035034,-0.082821,-0.117500,0.027289,0.094745,-0.063350,-0.012380,0.006251,-0.023067,-0.044318,0.096898,0.031446,-0.006235,-0.002222
73,-0.049641,0.059479,0.049778,0.060627,-0.025739,0.137720,-0.019163,0.129600,-0.121985,-0.056796,0.013262,0.058281,0.028033,-0.026341,-0.027397,-0.014280,-0.086207,-0.020035
74,0.003495,0.017976,-0.026601,-0.026442,0.024508,-0.055943,-0.027516,-0.024774,0.057449,-0.024834,0.011397,-0.074159,-0.076464,-0.049115,0.109469,0.019537,0.042856,-0.012755
75,0.022187,-0.121346,-0.069590,-0.008585,0.051047,-0.036222,0.019911,-0.018243,-0.019871,0.059357,0.023053,-0.012785,-0.065725,0.024742,-0.054417,-0.014996,-0.034519,0.017189
76,-0.023577,0.026595,0.100595,0.108897,0.024126,-0.048218,-0.025240,-0.089414,0.009598,0.094628,0.089824,0.046268,-0.045243,-0.067511,0.077332,0.076912,-0.025140,0.017183
77,0.132164,-0.002698,0.015239,-0.043709,-0.020443,-0.056411,-0.005194,0.016580,0.030443,-0.099339,-0.042009,0.005319,-0.070013,0.119885,-0.016445,-0.038713,0.043501,-0.061517
78,0.000909,0.011560,0.044397,0.122262,0.085761,0.085774,-0.020346,-0.012828,-0.028678,0.037488,0.002549,0.006148,0.073318,-0.016589,0.030339,0.003615,-0.051597,0.001001
79,-0.032554,0.093055,0.084646,-0.036914,-0.073162,0.055967,-0.050152,0.027906,-0.020081,0.064509,0.099057,0.048631,-0.059548,-0.042631,-0.061879,0.077910,-0.058627,0.063037
80,0.000508,0.043180,-0.004940,0.051004,0.028904,-0.128329,-0.002558,-0.042903,0.008948,0.012535,0.022274,0.011419,-0.008607,0.047323,0.025694,-0.009716,-0.048119,-0.029221
81,-0.045927,0.102743,0.010621,-0.015567,0.028438,-0.044983,-0.011399,0.060329,-0.056192,-0.020625,-0.016673,0.087771,-0.041727,0.000945,0.021569,0.005374,0.052414,-0.013983
82,0.056453,0.017188,0.077917,-0.013400,0.001799,0.027228,0.030963,-0.041483,-0.012707,0.004801,-0.042663,0.052252,0.033177,0.134610,-0.041094,-0.046201,-0.000969,0.002682
83,0.061889,0.000563,0.082150,-0.018129,-0.028321,-0.068619,0.036650,-0.103001,0.023044,-0.025063,-0.011149,0.028134,-0.028919,0.086634,0.086533,-0.020810,0.012016,-0.046560
84,-0.040340,0.019157,0.074782,-0.016041,-0.048846,0.136305,0.140226,-0.021903,-0.016390,-0.018494,-0.053129,0.062650,0.089800,-0.008380,-0.111991,-0.094101,0.011505,0.031006
85,-0.004298,-0.059206,-0.045315,0.009988,0.048723,-0.010252,-0.042403,-0.039773,-0.018830,-0.000931,-0.120849,-0.001925,0.006162,0.018814,0.009502,-0.048355,0.022060,0.056203
86,-0.034110,0.029093,0.033120,0.061592,0.069772,0.003036,-0.089166,0.068199,0.037799,0.000837,-0.033401,0.043213,-0.005721,0.014887,0.011129,0.014214,0.000360,0.090194
87,0.025483,0.088070,-0.049262,-0.011191,0.019562,0.066959,0.022563,0.083825,-0.055537,0.064261,-0.019897,0.063663,0.041790,0.064105,-0.010620,-0.000543,-0.046644,0.014229
88,-0.010121,0.074336,0.009888,-0.023538,-0.004269,0.015607,-0.006796,0.032157,-0.068662,0.011907,0.043115,0.107984,0.071022,0.020775,-0.064625,-0.014002,0.012662,-0.049659
89,-0.028840,0.044006,0.119361,0.036577,0.068698,-0.035398,-0.041318,0.016017,0.056358,-0.025481,0.012210,-0.017308,-0.049885,-0.024240,0.028397,0.021452,-0.014993,0.011229
90,-0.003814,0.115481,0.093104,-0.016535,-0.012700,-0.118201,0.045333,-0.076557,0.053709,0.005800,0.008265,0.025925,-0.046645,0.062312,0.063095,-0.016475,0.022172,0.016075
91,0.010380,0.074134,0.014718,0.025396,0.013845,-0.088437,-0.024493,-0.037284,0.041555,-0.004488,0.038449,0.029981,-0.046751,-0.027819,0.035712,0.036805,0.022845,0.035516
92,-0.057437,0.015662,-0.016467,0.024178,0.011421,-0.036677,-0.045529,0.007158,-0.006028,-0.075297,-0.004532,-0.040809,-0.013823,0.009098,0.021636,0.030816,-0.020327,0.020668
93,0.008816,-0.046074,0.064434,0.090780,0.029227,0.003921,-0.045601,-0.003446,0.008858,0.066936,-0.030625,-0.025662,-0.025103,-0.021898,0.013476,-0.000143,-0.043790,0.047327
94,-0.040220,0.022394,0.066938,0.011482,0.012585,-0.029079,-0.009368,0.055167,0.074618,-0.021379,0.051492,0.046735,-0.046762,-0.027121,-0.002352,0.073409,-0.019848,0.034435
95,-0.054399,-0.028534,0.052749,0.091975,-0.037833,-0.027501,-0.008232,0.005484,0.004120,-0.033932,-0.058730,-0.048108,-0.086844,-0.005416,0.094212,0.008967,0.030616,0.032813
96,0.074851,0.024459,-0.030109,0.012164,0.004129,-0.109117,-0.099615,-0.091347,0.029971,-0.031634,0.019580,0.028057,-0.021152,-0.031710,0.029510,0.051520,-0.022633,0.033926
97,0.025905,0.008809,0.027023,-0.036498,0.051370,-0.013952,-0.033332,0.004448,-0.062005,-0.104766,0.005388,-0.001797,0.034353,0.016123,-0.055849,-0.005946,-0.008523,-0.060514
98,0.050122,0.005592,-0.094483,0.103616,0.032718,0.015761,-0.028688,0.023938,0.041618,0.066924,-0.019560,0.019695,0.041701,-0.056331,0.014601,0.034393,-0.067771,0.065549
99,0.041205,0.053869,0.084587,0.076145,0.037710,0.043732,-0.023858,-0.044499,0.032877,0.134957,-0.034510,-0.015799,-0.000368,-0.094496,0.008297,-0.071298,0.018981,0.027982
