1000000,-0.014144,0.019529,-0.000006,-0.061482,0.053765,-0.040937,-0.111710,0.018235,0.009961,0.014470,0.043116,0.017456,-0.038645,-0.034998,0.019916,0.033291,0.034320,-0.024765
1000001,-0.031643,-0.013156,0.081083,-0.077285,0.006574,-0.019022,0.151142,0.074821,-0.144809,0.062045,0.072801,0.059462,-0.025514,0.063037,-0.015782,-0.043781,-0.046675,-0.005320
1000002,-0.003350,0.009959,-0.016183,0.057832,0.021368,-0.064164,0.079543,-0.004038,-0.041803,0.065446,0.054575,-0.049214,0.070008,0.050972,-0.041618,-0.119197,0.014739,0.137860
1000003,0.003579,-0.033694,0.063777,-0.056864,-0.041993,0.064759,0.065293,0.093488,-0.084210,0.029114,0.015606,0.008477,-0.060818,0.098679,0.083311,0.008397,-0.030473,-0.006341
1000004,0.012602,-0.045361,-0.000061,-0.027907,0.002759,-0.040360,0.033988,0.039525,-0.055282,0.078151,0.032467,0.032183,-0.017815,0.103282,0.020301,-0.072414,-0.001135,0.128758
1000005,0.036479,-0.030426,0.022132,-0.043856,-0.041857,0.051247,0.078923,0.088357,-0.087284,-0.005565,-0.033299,0.051436,-0.083306,0.084929,0.105491,0.020175,0.015677,-0.021027
1000006,-0.007409,-0.019947,-0.064490,-0.033370,-0.012578,-0.003448,0.033083,0.087279,-0.135740,0.080880,0.085412,0.076363,0.006770,0.080603,0.092488,-0.009192,-0.039670,0.077919
1000007,0.010906,-0.005706,0.005797,-0.092450,-0.023275,0.024652,0.107459,0.065069,-0.107611,0.015033,0.007396,0.014629,-0.085408,0.064744,0.098097,0.115270,0.002058,-0.076063
1000008,0.018148,-0.035766,0.008963,0.067771,0.056192,-0.044107,0.105278,0.125401,0.021842,0.072374,0.019807,0.086985,-0.012364,0.001518,-0.072956,-0.058328,-0.027362,-0.063742
1000009,-0.048179,0.051262,0.035427,-0.072014,-0.009579,-0.009673,0.066717,-0.015668,-0.027607,0.087618,-0.028567,-0.053321,0.037622,0.046180,-0.048786,-0.027511,0.054561,-0.030097
1000010,0.059084,-0.113447,0.042507,0.024101,-0.008096,-0.079397,-0.021870,0.044690,-0.062631,-0.018509,-0.063311,0.026934,-0.041076,0.090262,-0.028056,-0.038622,-0.035701,-0.041863
1000011,0.014045,-0.073220,0.014374,0.044749,0.023506,-0.071698,0.013965,0.080940,-0.066241,0.068076,-0.001981,0.068011,-0.089763,0.106526,-0.004900,-0.081753,-0.018088,-0.048710
1000012,0.062887,0.015991,0.008996,-0.052563,-0.006212,0.008437,0.104120,-0.022260,-0.044367,0.061931,0.051968,0.012891,-0.002504,0.029311,-0.035465,-0.042937,0.031333,0.058811
1000013,0.011185,-0.048359,0.017761,-0.050686,-0.014121,0.037188,0.103836,0.140045,-0.113422,0.069474,-0.000527,0.065073,-0.048734,0.110630,0.003344,0.007215,0.017421,-0.066120
1000014,0.131295,-0.072833,0.073762,0.014327,0.047967,-0.098529,0.123066,-0.019325,-0.023737,0.094603,0.024636,0.051336,-0.025985,0.006716,-0.061489,-0.059886,0.019656,0.008400
1000015,0.007165,-0.073626,-0.030602,-0.012977,0.001531,-0.092645,-0.012969,0.085511,-0.062848,-0.009092,-0.014224,0.016685,-0.004016,0.111923,0.051776,-0.030297,-0.086480,0.081949
1000016,-0.014983,-0.029246,-0.035771,-0.045668,0.040074,-0.034195,0.150793,0.080148,-0.135264,0.046617,0.078956,0.021596,0.007137,0.077442,0.066961,0.006729,0.011512,0.033109
1000017,-0.020725,0.076697,0.032287,-0.104012,-0.016810,0.073581,0.102586,0.018205,-0.133398,-0.016762,0.059520,0.006500,0.013704,0.048577,0.052728,0.060028,0.012803,0.123083
1000018,0.074926,-0.057398,0.015690,0.002408,0.063194,-0.057844,0.092514,0.038562,-0.018383,0.090879,0.018999,0.042468,0.040308,0.037896,-0.030594,-0.079514,0.046225,0.047394
1000019,-0.031409,-0.011936,0.005573,0.039751,0.004018,-0.078203,0.084518,0.075906,-0.059607,0.034249,0.089827,0.065866,-0.031738,0.127314,0.104121,-0.025145,-0.019055,-0.027950
1000020,0.050878,-0.047327,0.049279,-0.106258,-0.044628,0.095117,0.085846,0.024904,-0.022920,0.029606,0.022605,-0.013975,-0.034462,0.071429,0.048869,-0.002313,-0.046686,0.080626
1000021,-0.141592,0.045846,0.066624,-0.062613,-0.001952,-0.000027,0.101236,-0.049480,-0.035082,0.068824,0.031983,-0.060050,0.067931,0.025338,-0.059031,-0.012328,0.117695,0.000553
1000022,-0.068470,0.023501,0.095800,-0.081587,-0.043894,0.018133,0.155093,0.090628,-0.172684,0.074529,0.034305,0.019925,-0.047029,0.076575,0.030393,0.035826,-0.000289,-0.019038
1000023,0.103641,-0.077800,0.058841,0.052742,0.092134,-0.055535,0.094859,0.031511,0.039858,0.069540,0.047228,0.045548,-0.032183,-0.025032,-0.089360,-0.080044,0.040671,-0.053792
1000024,0.103659,-0.055319,0.022215,0.071916,0.100287,-0.091403,0.025756,-0.032380,0.044546,0.128087,0.026965,0.054343,-0.041166,-0.005076,-0.107165,-0.103836,-0.022641,-0.046044
1000025,-0.044448,-0.009243,-0.079286,0.015735,-0.023896,-0.127630,-0.034263,0.037165,-0.032648,-0.013627,0.044666,-0.030318,0.020093,0.062643,0.052627,-0.068864,-0.017254,0.062748
1000026,0.015866,-0.014179,0.049883,-0.088566,-0.048447,0.032380,0.086817,0.004970,-0.091172,-0.062177,0.020066,-0.025569,-0.055105,0.027582,0.066008,0.051440,-0.050881,0.054691
1000027,-0.123342,0.064873,-0.036698,-0.056381,-0.004336,-0.053928,0.078442,-0.038581,-0.078723,0.068453,0.006747,-0.090196,0.036089,0.042522,-0.062382,0.000827,0.099629,0.003925
1000028,0.020548,-0.037637,0.016889,-0.030849,-0.038822,0.002379,0.105516,0.104423,-0.120320,-0.009336,-0.009705,0.058847,-0.080299,0.108382,0.049397,0.023607,-0.012153,-0.056194
1000029,-0.049364,0.034575,0.075953,-0.062130,0.015876,0.071978,0.104060,0.087958,-0.135513,0.064203,-0.008648,0.017153,-0.015659,0.082170,-0.014976,0.034132,0.052350,-0.039536
1000030,0.018892,-0.085975,0.006910,-0.031670,-0.020819,-0.014852,-0.020479,0.103672,-0.051997,-0.002310,-0.038104,0.019232,-0.007042,0.103268,0.079813,-0.009120,-0.046897,0.033984
1000031,-0.055283,0.019627,-0.011598,-0.034562,0.007264,-0.010106,0.005906,-0.069011,-0.040814,0.025936,-0.005871,-0.027576,0.046823,-0.002504,-0.022960,-0.029474,0.064967,0.044986
1000032,-0.036409,-0.097223,0.037747,0.028598,-0.028615,-0.022976,-0.069298,0.104836,-0.042294,-0.038259,-0.009749,0.088617,-0.020182,0.098477,0.116944,0.034355,-0.063778,0.015637
1000033,0.059987,-0.036702,0.028906,0.031605,0.056033,-0.060991,0.038876,-0.009857,0.000119,0.101279,0.019461,0.043809,-0.047452,-0.004247,-0.066382,-0.065195,-0.028349,-0.049033
1000034,0.068685,-0.059641,0.107608,0.038584,0.093241,-0.072018,0.116092,0.060966,-0.042423,0.100513,0.031263,0.079631,-0.106043,-0.011767,-0.151417,-0.136492,-0.009185,-0.083173
1000035,0.033492,-0.096192,0.017674,0.028403,0.011891,-0.092683,0.021445,0.075755,-0.077925,0.026966,0.016911,0.046955,-0.037980,0.101483,-0.001983,-0.089474,-0.013234,-0.060446
1000036,0.045370,-0.016533,0.062506,0.001601,0.041396,-0.023942,0.067537,0.034369,-0.000342,0.101353,0.060648,0.050936,-0.000898,0.089243,-0.029366,-0.063397,0.066242,-0.008726
1000037,-0.090991,0.040320,0.027018,-0.041522,-0.039275,-0.042172,0.036847,-0.039389,-0.111274,0.047337,0.019781,-0.036071,0.018265,0.014361,-0.031820,0.005076,0.057324,-0.015086
1000038,0.012577,-0.021249,0.054266,-0.035819,-0.002558,0.001954,0.119284,0.116579,-0.075833,0.007656,0.045476,0.027074,-0.022943,0.095011,0.053968,-0.032563,-0.017001,-0.049049
1000039,0.041462,-0.057155,0.024466,0.049383,0.067140,-0.038018,0.072692,0.040950,-0.024743,-0.008672,0.014035,0.048925,-0.068180,-0.013383,-0.120941,-0.058615,0.042854,-0.062215
1000040,-0.050482,0.039831,-0.051573,0.009644,0.000154,-0.058113,0.087151,0.099922,-0.038932,-0.016591,0.025292,0.037195,0.019056,0.107985,0.084368,0.015744,0.010429,0.009856
1000041,-0.003465,0.027661,-0.090798,-0.068811,0.035648,0.021462,0.019444,0.002136,-0.053548,0.085146,0.091389,0.001029,0.036789,0.066814,0.068426,-0.049493,-0.031181,0.075214
1000042,-0.053471,0.046729,0.114900,-0.046497,0.000258,0.054998,0.052492,0.001168,-0.090421,0.003019,0.025773,0.036344,0.022464,0.006321,0.042320,0.116826,0.022971,0.033065
1000043,-0.014176,-0.037168,0.009747,-0.037753,0.018876,-0.018843,0.082850,0.041093,-0.057735,0.071584,0.001044,0.013683,-0.032305,0.102643,0.032764,0.001528,-0.045385,0.058641
1000044,0.052671,-0.036112,0.056066,-0.047799,-0.039870,0.056605,0.055711,0.048226,-0.064004,-0.018593,-0.074615,0.009506,-0.070292,0.000744,0.092362,0.079046,-0.063668,0.016006
1000045,-0.066784,0.036185,-0.060179,-0.046973,0.034132,0.008767,0.100267,0.024803,-0.137155,0.069360,0.029028,-0.039892,0.019062,0.014053,0.053987,0.053394,0.058070,0.039183
1000046,-0.032903,-0.012141,-0.032103,-0.005455,0.054068,-0.099050,0.107788,0.011782,-0.005359,0.085614,0.061078,0.003998,0.071093,0.069635,-0.042563,-0.059258,0.046650,0.020452
1000047,0.047440,-0.051393,0.061283,0.042795,0.092174,-0.011539,0.059121,-0.014373,0.004786,0.066233,0.010619,0.054038,-0.097677,-0.052074,-0.141957,-0.050018,0.040248,-0.084968
1000048,-0.013192,-0.020946,-0.010184,0.010250,0.007528,-0.079210,0.040607,-0.058987,0.014898,0.126618,0.035932,-0.001248,0.029227,0.030528,-0.060054,-0.030381,0.010862,-0.024520
1000049,0.061954,-0.030980,0.018758,-0.025423,-0.063640,-0.019462,0.038702,0.063713,-0.070624,0.000264,-0.054094,0.013618,-0.082899,0.051066,0.048924,0.028128,-0.082473,-0.026067
1000050,-0.025122,-0.003884,-0.038110,-0.000618,0.000840,-0.092226,0.035493,0.013877,-0.059789,0.015961,0.060930,-0.002894,0.037805,0.026788,0.003060,-0.030314,0.001486,0.025788
1000051,-0.085453,0.099885,-0.019103,-0.053847,-0.004376,0.012791,0.014967,-0.046395,-0.095417,0.077455,0.021190,-0.057297,0.025282,-0.018982,-0.013086,0.095265,0.021241,0.053934
1000052,0.097333,-0.054918,0.035843,-0.048986,-0.030326,0.002231,0.122365,0.124777,-0.062865,0.023104,-0.018794,0.019238,-0.081279,0.073035,0.022618,-0.026844,-0.034259,-0.052784
1000053,-0.017028,-0.004801,-0.047081,-0.016380,0.054265,-0.085439,0.038220,-0.072041,-0.024272,0.128226,0.044109,-0.018640,0.020498,0.079777,-0.091460,-0.024341,0.051655,-0.045760
1000054,-0.009939,0.030929,0.106644,-0.045889,-0.046443,-0.018424,0.077252,-0.011470,-0.108268,0.003189,0.002413,-0.058503,-0.004197,0.021621,0.040817,0.107036,-0.005320,0.115991
1000055,-0.004229,0.000835,0.002509,0.041818,0.058839,-0.079875,0.051349,0.109348,-0.018039,0.036285,0.062316,0.037266,-0.041439,0.096011,0.000001,-0.050790,-0.010936,-0.076623
1000056,0.017467,-0.084095,-0.022706,-0.094424,0.030580,0.081161,0.111201,0.110006,-0.146899,0.046985,0.014672,0.037666,-0.071012,0.079597,0.023117,-0.003090,-0.006511,-0.082590
1000057,0.054367,-0.034775,0.036243,0.082601,0.106513,-0.004344,0.070743,0.059814,0.024732,0.068105,0.031313,0.077481,-0.034975,-0.016008,-0.123135,-0.078941,0.097840,-0.082998
1000058,-0.091395,0.044204,0.001278,-0.002005,-0.022160,-0.042429,0.115655,0.097099,-0.084970,0.047318,0.009105,0.037243,0.000669,0.134685,0.065896,0.023876,-0.017409,-0.079507
1000059,-0.071450,-0.004663,-0.033878,-0.058753,-0.008766,-0.080003,0.009052,-0.094106,-0.029494,0.001847,0.008909,-0.070800,0.003806,-0.000011,0.029819,-0.000048,0.023778,0.005320
1000060,0.027601,-0.048884,-0.025375,0.108497,0.060820,-0.081584,-0.013968,0.018627,0.054403,0.081393,0.028532,0.066785,-0.045518,-0.067525,-0.081577,-0.088512,-0.023125,-0.078513
1000061,0.006872,-0.013609,-0.016260,-0.038725,0.020983,-0.030557,0.036541,0.034907,-0.052376,0.047656,0.014780,-0.012953,0.009287,0.086459,0.002851,-0.077900,-0.007031,0.067839
1000062,0.009799,-0.053200,0.049404,-0.022692,0.031426,-0.005481,0.040518,0.064311,-0.006788,0.042287,0.086030,0.034778,-0.011251,0.052272,0.011463,-0.059898,0.020790,0.084839
1000063,-0.038142,0.011988,0.007811,-0.004442,0.011428,-0.020393,0.029013,-0.026470,-0.014708,0.023195,0.038646,-0.022398,0.020948,0.044754,0.032065,-0.041230,-0.004694,0.053650
1000064,-0.084620,0.059353,-0.020717,-0.035460,-0.052984,0.014962,0.033617,-0.045297,-0.053341,0.019669,0.048063,-0.059282,0.019332,0.059595,0.046219,0.036569,0.011195,0.034548
1000065,-0.018766,0.061566,0.081171,-0.059153,0.001008,0.057012,0.096551,0.013823,-0.122776,0.042312,0.031404,-0.031272,-0.005544,0.003418,0.025373,0.037663,0.004353,0.058358
1000066,0.082878,-0.068799,0.053736,0.043418,0.100498,-0.019908,-0.004538,0.034306,-0.002547,0.042232,-0.043516,0.079232,-0.088647,-0.053686,-0.167395,-0.044563,-0.023732,-0.135083
1000067,-0.044544,0.000975,0.016242,-0.078379,0.009138,-0.001387,0.044758,-0.028570,-0.060057,0.035412,0.025474,-0.085360,0.052283,-0.001782,-0.040330,0.039687,0.046861,0.020833
1000068,0.019548,-0.088293,-0.085656,0.006577,0.018656,-0.006602,0.035740,0.130055,-0.037233,-0.002663,-0.012276,0.029029,-0.040559,0.117086,0.028412,-0.047181,-0.022337,-0.034996
1000069,-0.012243,-0.042298,-0.066424,0.010640,-0.035763,-0.046244,0.014075,0.027358,0.004353,0.026684,0.076619,0.007007,0.030370,0.072068,0.085859,-0.059634,-0.006790,0.013221
1000070,0.014256,-0.019129,0.014150,0.014899,0.068967,-0.060807,-0.004863,-0.031923,0.002336,0.109221,0.040161,0.001315,-0.017376,0.048227,-0.033288,-0.052428,0.017508,-0.021792
1000071,-0.078000,0.054898,0.024508,-0.065430,0.031905,0.048482,0.093845,0.013792,-0.067927,0.045024,0.035553,-0.007162,0.057490,0.021490,-0.011072,0.021774,0.075345,0.019206
1000072,-0.014510,0.051487,-0.051729,0.006057,0.001936,-0.026591,0.028745,-0.073828,-0.000174,0.075254,0.055582,-0.033974,0.054807,-0.011376,0.032198,-0.017854,-0.014763,0.069887
1000073,-0.002122,-0.094435,-0.033783,0.082383,0.030747,-0.049162,-0.042764,0.063176,-0.015395,-0.054873,-0.063300,0.079537,-0.075216,-0.036713,-0.119020,-0.020113,-0.002714,-0.124872
1000074,-0.048491,0.095118,0.022945,-0.077235,0.012257,0.013048,0.073214,-0.028166,-0.068690,0.088193,0.067260,-0.024023,0.024031,0.020925,0.014733,0.009187,0.033963,0.049031
1000075,0.052591,-0.067838,0.018774,0.070510,0.114083,-0.062457,0.018997,-0.007475,0.041530,0.069574,0.007814,0.070735,-0.035515,-0.005287,-0.107947,-0.077205,0.010794,-0.071900
1000076,0.035239,0.008817,0.053591,-0.099291,-0.016935,0.072343,0.108805,0.039683,-0.131367,-0.021169,0.014841,0.018509,-0.032611,0.032327,0.036597,0.018108,0.012246,0.046309
1000077,0.001014,-0.010207,0.074398,0.041672,0.090577,0.011328,0.068417,0.017255,0.093698,0.076401,0.090608,0.034785,0.027058,0.007849,-0.060935,-0.094601,0.081094,0.036796
1000078,0.011649,-0.054628,0.080049,0.074530,0.045300,-0.080327,-0.029659,0.041810,0.017051,-0.022469,-0.069974,0.042266,-0.054884,-0.082675,-0.122871,-0.029903,0.021340,-0.088500
1000079,-0.029696,-0.051944,-0.120081,0.015025,0.012439,-0.114432,-0.000446,0.060692,-0.037629,0.007976,0.101348,0.047816,0.029568,0.008870,-0.012253,-0.074953,-0.072697,0.071163
1000080,0.014988,-0.046788,0.029331,-0.057342,-0.022692,0.014296,0.063819,0.106275,-0.123454,-0.006051,-0.063700,0.021209,-0.088618,0.079089,0.036725,0.063927,-0.022019,-0.081368
1000081,-0.036564,0.055861,-0.035033,-0.058529,0.000413,0.034359,0.086062,0.010305,-0.100299,0.024545,0.018129,-0.036783,0.040221,0.059129,-0.017654,0.059644,0.039074,0.016181
1000082,0.069786,-0.082180,0.029133,0.019966,0.007219,-0.078342,0.096376,0.145204,-0.036445,0.039175,-0.014964,0.075093,-0.085587,0.051294,-0.003016,-0.059266,-0.033015,-0.061507
1000083,-0.068495,0.099500,0.027175,-0.016693,0.017317,0.030697,0.094557,0.129503,-0.047356,0.110622,0.066353,0.000983,0.089179,0.148615,0.048206,0.008572,0.049828,-0.012911
1000084,0.084096,-0.077410,-0.019626,-0.044205,-0.030307,-0.008724,-0.009891,0.045542,-0.029269,-0.024366,-0.042610,-0.009571,-0.091384,0.126029,0.048720,0.084606,-0.040386,-0.022399
1000085,0.006839,-0.002992,0.007246,-0.067276,0.012916,0.048035,0.133929,0.101721,-0.089358,0.084843,0.030609,-0.003109,-0.007301,0.102959,0.027675,0.009180,0.028732,-0.019713
1000086,0.054207,-0.069026,0.035069,0.030729,0.128295,-0.036198,0.030718,-0.008219,0.042800,0.071492,-0.008671,0.070380,-0.065498,-0.006186,-0.095724,-0.070929,0.031494,-0.076233
1000087,0.096636,-0.051885,0.107913,0.052604,0.099388,-0.055493,0.044281,0.026279,0.003544,0.040729,-0.013792,0.089960,-0.080733,-0.023062,-0.112288,-0.070520,-0.008596,-0.074937
1000088,0.058730,-0.049530,-0.094864,-0.008058,0.006327,-0.033036,0.048607,0.053603,-0.014849,0.068031,0.016623,-0.011799,0.013713,0.070427,-0.078558,-0.047093,0.015805,-0.068521
1000089,0.071884,-0.033171,0.011443,0.049828,0.087771,-0.043637,0.064916,0.078817,0.041345,0.057522,0.043776,0.090693,-0.007710,0.042130,-0.014104,-0.097541,0.002138,-0.039628
1000090,0.009041,0.011347,-0.047183,-0.033453,-0.024606,-0.047302,0.039273,-0.069234,-0.017855,-0.009388,0.005578,-0.122641,0.016532,-0.009774,-0.004661,0.024758,-0.018161,0.047417
1000091,0.087393,-0.049314,0.019428,0.032988,0.099440,-0.027498,0.004930,-0.013042,0.009549,0.059818,-0.028525,0.067161,-0.079265,-0.090845,-0.101866,-0.082264,0.017839,-0.082493
1000092,-0.096798,0.113863,-0.008233,0.007445,0.015218,-0.022323,0.134336,0.086007,-0.033098,0.062301,0.055317,0.054392,0.074837,0.084778,0.069535,0.046235,-0.004230,-0.003759
1000093,-0.039559,-0.029057,0.049893,0.023470,0.085955,-0.041786,0.062949,-0.018288,0.009550,0.117599,0.024424,0.065684,-0.041831,-0.040589,-0.114897,-0.054256,0.061372,-0.080674
1000094,0.050084,-0.037597,0.005392,-0.084099,-0.018425,0.088586,0.008877,0.038707,-0.019803,0.007825,-0.029438,-0.026453,-0.035348,-0.007568,0.102115,0.015233,0.004032,0.023953
1000095,0.025733,-0.004780,0.059233,0.022021,0.116473,-0.038105,0.072880,-0.069450,-0.006727,0.078636,0.019278,0.032900,-0.073129,-0.020747,-0.156432,-0.065406,0.033687,-0.030032
1000096,0.030338,-0.099821,-0.050159,0.023502,0.005936,-0.069538,0.002647,0.036441,0.000428,0.072247,0.000449,0.059392,-0.038267,0.069535,-0.011071,-0.074499,-0.032436,-0.052904
1000097,0.017604,-0.100314,-0.013280,-0.021619,-0.026003,-0.048322,0.005218,0.058019,-0.068954,-0.007277,-0.045810,0.030148,-0.038265,0.127363,0.007093,-0.002868,-0.018561,-0.060237
1000098,-0.092517,0.042095,0.016979,0.033478,0.012341,-0.066310,0.026785,-0.041090,-0.023912,0.031564,0.031197,-0.040855,0.037795,0.041811,-0.016428,0.001147,0.038666,-0.023028
1000099,-0.040544,0.015464,0.029906,-0.011934,-0.040223,-0.020873,0.035789,0.029634,-0.086390,0.019318,0.025964,-0.028774,-0.034707,0.077776,0.061765,-0.029829,-0.079372,0.071248
