2000000,0.002490,0.000395,0.000116,-0.001589,0.001704,-0.002316,0.001235,-0.000922,-0.002094,0.001574,-0.001476,-0.000714,0.000359,0.000283,-0.001058,-0.002433,0.001724,-0.002181
2000001,0.002359,0.002277,-0.000067,0.000727,0.000293,-0.003023,-0.004221,0.001057,-0.000238,0.001659,0.000389,-0.001134,0.002369,-0.000879,-0.001154,0.002151,-0.003860,0.002177
2000002,0.002603,0.005619,0.002800,0.003724,0.002818,-0.001091,0.003258,-0.003696,0.005142,-0.003383,-0.001926,0.004318,-0.002256,-0.003868,0.005415,0.000658,-0.001685,-0.004298
2000003,-0.000024,-0.000702,-0.001676,0.005592,-0.003332,0.001675,-0.002362,-0.002514,0.000461,-0.003147,0.003799,0.004078,0.002452,0.000779,-0.001104,-0.000514,-0.001681,-0.003184
2000004,-0.002759,-0.001765,-0.002159,0.001084,-0.004275,0.001424,-0.003023,-0.000156,-0.000477,0.003074,0.002589,0.001780,0.004004,-0.003163,0.001458,-0.001906,-0.000768,-0.002951
2000005,-0.002281,0.003890,0.000753,0.001836,-0.001741,0.002125,-0.001551,-0.000809,-0.001254,0.000016,0.003343,0.000707,-0.000910,0.002603,-0.001819,0.002113,0.000952,-0.002103
2000006,-0.001317,0.000596,-0.000503,0.001077,-0.000390,-0.001580,-0.002758,-0.000643,-0.001639,0.002822,0.001286,-0.000508,0.001455,0.001510,0.000003,-0.002012,-0.001709,0.000681
2000007,-0.000485,0.001532,-0.001159,0.001685,0.000110,-0.002292,0.001705,-0.003614,-0.001395,-0.001817,-0.002955,0.001197,-0.000027,-0.000572,-0.001417,-0.000965,-0.001843,0.000307
2000008,0.001946,0.004411,0.003799,-0.003578,-0.003376,-0.002086,-0.004102,-0.000607,-0.004365,-0.000389,-0.002443,-0.004683,-0.001687,0.000426,0.000406,-0.002805,-0.003714,-0.001486
2000009,0.001427,-0.003711,0.002187,0.000334,0.004574,0.000150,0.002158,0.004268,-0.000968,-0.002986,0.000146,0.000931,0.000757,-0.002336,0.000378,0.003715,-0.002620,0.003089
2000010,0.001144,0.000207,0.002275,0.001587,0.000022,-0.002324,-0.000444,0.001892,-0.000267,0.003241,0.001695,-0.000312,0.000957,0.000782,-0.000209,-0.000352,-0.002816,0.003248
2000011,0.001591,-0.000446,0.000430,-0.000342,0.000999,-0.001365,-0.000675,-0.004038,0.001757,-0.000140,-0.000301,0.000479,0.001516,-0.001246,0.000723,0.003045,-0.001549,0.001561
2000012,-0.002312,0.000546,-0.001211,0.001790,0.001527,0.002804,0.000641,0.000405,0.002824,-0.001082,-0.003252,-0.003106,-0.000203,-0.000162,-0.001881,-0.001810,0.001823,0.000207
2000013,0.000985,-0.000118,0.000803,0.002867,0.001421,-0.000678,0.000559,0.000363,-0.000309,0.000234,0.003054,0.000244,-0.000234,0.001416,-0.000166,0.001093,0.001785,0.000271
2000014,-0.002815,0.000193,0.002555,0.003020,0.000969,0.001804,-0.001414,-0.000235,0.003387,0.002515,0.001438,-0.001620,0.000756,0.001084,0.001682,-0.001537,-0.000788,-0.000770
2000015,0.001472,0.000352,-0.001225,-0.003890,-0.000797,-0.000209,-0.000537,0.000822,0.004059,0.000199,-0.004030,0.000616,0.002059,0.003128,0.000620,0.002027,-0.000767,0.002763
2000016,-0.002683,-0.000398,0.000116,0.002003,-0.000803,0.001292,-0.002423,0.000995,0.000454,-0.000218,0.000971,0.000728,-0.000067,0.000622,-0.002017,-0.002128,0.001419,0.002314
2000017,0.001396,0.000737,-0.002720,-0.000911,0.000165,0.002365,0.000691,-0.000699,-0.002732,0.000913,-0.003308,0.002298,-0.002367,-0.000489,0.001070,-0.000825,0.000454,-0.002018
2000018,0.000623,-0.002387,-0.001575,0.003248,-0.000527,-0.001909,0.000004,-0.002788,0.000033,-0.000528,-0.000723,-0.003121,0.001090,-0.000784,0.000724,-0.001555,-0.000768,0.001628
2000019,-0.000891,-0.001376,-0.001958,0.002186,0.001067,0.001959,-0.000706,-0.002992,0.000569,-0.000303,-0.001683,-0.002650,0.001832,0.001493,0.000537,0.002358,0.000391,0.000552
2000020,0.001434,0.002672,-0.000728,0.000668,0.001494,-0.001798,0.000909,0.001991,0.000652,0.003787,0.002311,0.004287,-0.000880,-0.001971,-0.002879,-0.002214,0.000732,-0.002853
2000021,0.001593,-0.002304,0.000620,0.001734,-0.001974,0.000838,-0.000422,-0.001669,0.002927,-0.002541,0.000186,0.003747,0.000455,-0.001390,-0.001095,0.000708,0.002546,0.001290
2000022,0.000907,-0.000064,-0.001695,-0.002606,0.000088,0.001947,-0.001863,0.002279,0.001023,0.001952,-0.003902,0.000573,0.001962,-0.001470,-0.000536,0.001693,-0.001785,-0.003357
2000023,-0.000966,-0.001379,0.001356,-0.001640,-0.000442,0.002038,-0.001071,0.000746,-0.001841,-0.001674,0.000357,0.000961,0.000869,-0.001776,-0.000178,0.000213,-0.001502,0.003773
2000024,-0.002315,0.000388,-0.000592,0.000294,-0.000820,0.002236,-0.001167,0.000590,-0.002479,-0.000005,0.000257,-0.001117,0.002207,-0.000893,0.000743,0.001525,-0.002938,0.002605
2000025,0.002137,0.000878,-0.001382,-0.002285,-0.000613,0.000384,0.001195,0.003054,0.001089,-0.000693,-0.002726,0.002952,0.001970,-0.001948,0.002311,-0.002116,-0.000548,-0.002886
2000026,0.002288,0.001430,0.001968,0.000372,0.000636,-0.001870,0.001500,-0.002307,0.002925,0.000128,0.003676,0.000282,-0.000257,-0.003343,0.001947,-0.004135,0.001052,-0.000157
2000027,0.001765,0.000872,0.003249,-0.001215,0.001068,-0.000852,0.000056,-0.002628,0.001159,0.002631,-0.001032,0.002151,0.000944,-0.003398,0.000770,-0.001492,0.000484,-0.001313
2000028,0.000375,0.001513,0.002185,-0.000962,0.000790,0.000558,-0.002441,-0.001057,0.002105,0.001674,0.001123,0.000365,0.002550,0.001206,-0.000306,-0.001673,-0.000631,-0.001962
2000029,0.001366,0.002307,-0.003915,-0.001656,0.001955,-0.004308,0.001938,-0.003106,0.001622,0.000254,-0.002082,-0.000280,-0.000251,-0.002755,-0.000307,-0.002350,0.001644,-0.001570
2000030,-0.002187,0.001210,0.001435,0.003181,0.000216,-0.002230,0.005245,0.006538,-0.000525,0.001136,0.003559,-0.001345,0.000632,0.002039,-0.001954,0.002614,-0.002008,0.000430
2000031,0.002283,-0.000292,-0.001072,0.000861,0.001221,-0.000435,-0.001269,-0.000311,0.000732,0.000156,0.000392,0.001146,-0.000273,0.000987,0.002624,0.002203,-0.002657,-0.003953
2000032,0.003170,0.000346,-0.000989,-0.000011,0.002963,0.001103,0.000830,-0.002970,-0.001084,0.000080,-0.001026,0.000388,-0.002145,-0.002673,-0.000472,0.000834,-0.002640,-0.001010
2000033,0.000929,-0.001316,-0.000107,0.000019,-0.002856,0.002715,0.002621,0.001887,-0.001529,-0.002453,0.002599,0.002019,-0.000270,0.001720,-0.002317,0.001036,-0.000039,-0.001045
2000034,0.000781,0.000266,-0.001712,-0.001109,0.002694,0.000064,-0.001918,0.001034,-0.000580,0.003024,0.000137,0.003134,0.000801,-0.000463,0.002378,-0.000100,-0.000717,0.001291
2000035,0.000011,0.000900,0.001020,-0.001407,-0.002548,-0.000532,-0.002591,-0.001789,-0.001255,0.005857,0.002093,-0.002141,-0.001118,-0.002952,0.003351,0.003780,-0.003346,0.001056
2000036,0.003041,0.002055,0.001265,-0.001127,0.001920,-0.001203,-0.000206,0.001201,0.000971,0.001920,0.004063,-0.000424,-0.002992,0.000776,0.001478,0.001177,0.000129,-0.003406
2000037,-0.002498,-0.003608,-0.002037,-0.000168,0.000981,0.001689,0.001328,0.000113,0.001712,0.000480,-0.000645,-0.000435,0.000803,-0.001791,0.002404,-0.002896,-0.001144,0.002277
2000038,0.004500,-0.001422,0.002499,0.004403,0.000087,0.004287,0.002055,-0.004349,-0.000614,0.001051,-0.002461,0.001900,-0.000950,-0.002580,-0.004917,0.004257,0.004182,-0.002851
2000039,0.001599,0.000843,0.001707,-0.001534,-0.003481,0.000591,0.000923,-0.001457,-0.000326,-0.000397,-0.000035,0.000090,-0.003281,0.000286,0.000487,0.000429,-0.002504,0.001100
2000040,0.000259,0.002062,-0.000849,-0.001932,-0.000520,-0.000809,0.003165,-0.000737,-0.000122,0.001791,-0.000640,-0.000268,-0.000593,-0.001326,-0.001430,0.001390,0.000021,-0.001925
2000041,-0.000568,-0.000577,0.000928,0.002740,-0.002260,-0.000567,0.000197,-0.003672,0.000061,0.001466,0.002175,0.002026,0.000739,-0.002750,-0.001280,-0.002561,-0.000869,-0.001462
2000042,-0.000100,0.000389,-0.002308,0.001409,-0.001763,-0.000085,-0.001335,-0.000698,0.000867,-0.000067,0.001091,-0.001273,-0.001905,-0.000792,0.000410,-0.000304,-0.000206,-0.001021
2000043,0.004949,-0.000283,-0.001486,-0.000872,0.002642,-0.003125,-0.002394,-0.006514,0.004568,0.002343,0.000564,-0.002366,-0.000954,0.000704,-0.004232,-0.002111,-0.000307,0.000538
2000044,0.001489,-0.001762,0.000966,0.000717,0.002650,-0.002970,-0.001418,0.000234,-0.000776,-0.001715,0.001713,0.001718,0.001079,0.001037,-0.000733,-0.000282,-0.001241,0.000544
2000045,-0.000523,0.004933,-0.001633,-0.000382,0.001005,0.000863,0.000745,0.000589,0.003997,-0.001249,0.003117,0.000053,-0.003949,-0.003921,-0.001947,-0.001685,0.002117,0.001205
2000046,-0.001950,0.000369,0.003318,-0.001897,0.002224,0.001858,-0.002285,0.000311,-0.003316,-0.000461,0.000123,0.003128,0.002870,-0.000875,-0.001505,-0.002053,-0.000156,-0.001607
2000047,0.001171,-0.001452,0.002050,0.002619,0.000706,0.001078,-0.001716,-0.003147,0.003074,0.001424,0.002077,-0.004939,0.001140,-0.002383,-0.004816,-0.001434,0.001109,0.003352
2000048,-0.000472,-0.002932,0.002397,-0.003171,0.000568,0.001150,0.002336,0.000247,0.000859,-0.000870,0.001629,0.002691,0.001935,0.000665,0.001219,-0.000067,-0.002132,0.001986
2000049,-0.000254,0.003559,0.000203,-0.003366,-0.000112,-0.003607,0.000135,-0.002240,0.001843,0.005582,-0.000347,-0.004648,-0.008820,-0.002180,0.002453,-0.000835,-0.001829,0.001578
2000050,-0.000020,-0.000544,-0.001204,-0.001309,-0.000931,0.000547,-0.002505,-0.001630,-0.001609,-0.001841,0.002217,0.004185,-0.003065,-0.000539,0.003729,-0.001466,-0.003160,-0.000887
2000051,0.001409,-0.001940,-0.004273,0.000261,0.001896,0.000639,-0.000112,0.003564,-0.002146,-0.001246,0.000835,-0.002654,-0.002630,0.001366,-0.003312,0.000894,0.005650,0.003494
2000052,0.006340,0.005552,0.002893,-0.005480,0.003449,0.001052,0.004734,-0.003957,-0.001314,-0.000622,0.001956,-0.002717,-0.002830,-0.002834,-0.003336,0.005863,0.002523,-0.000875
2000053,0.000903,-0.002280,0.000317,-0.000566,-0.002573,0.001577,-0.000763,0.000394,-0.002963,-0.001592,-0.001775,-0.001163,-0.000133,-0.001795,-0.000469,0.001552,-0.002548,0.001363
2000054,0.004257,-0.006138,0.001843,0.003330,0.003722,-0.004289,-0.001996,0.005322,-0.004012,-0.000085,0.003324,-0.004160,0.000609,-0.001746,0.002714,0.002956,0.001620,-0.001836
2000055,-0.000515,0.001495,-0.001297,-0.000446,0.001311,-0.000633,-0.000649,0.003409,-0.001891,-0.000469,-0.000181,-0.002654,-0.000333,-0.000130,-0.001180,0.000963,0.001275,0.001130
2000056,0.000615,0.000890,0.001978,0.000048,0.000356,-0.002602,-0.003016,0.001595,-0.002817,0.001928,-0.003380,0.002184,0.004144,0.003327,-0.001524,0.001094,-0.000845,-0.002375
2000057,-0.005590,0.002848,0.003147,-0.005892,0.005319,-0.000032,0.005580,0.000209,-0.005106,0.000604,0.002387,0.001747,0.003749,-0.000914,0.006459,-0.000498,0.001179,0.006323
2000058,-0.001831,0.001300,0.000667,0.001324,0.001696,0.002287,-0.001846,-0.000161,0.002327,-0.001707,0.000260,-0.000646,-0.002860,0.001983,-0.000984,-0.000222,-0.001226,0.000323
2000059,-0.001266,-0.000986,-0.001294,0.001147,0.001729,-0.003493,0.000419,0.001497,-0.000637,0.001071,0.000736,0.001261,-0.002175,0.000143,-0.003236,-0.000163,-0.000616,0.002040
2000060,0.000793,-0.000919,0.001207,0.000584,0.000763,0.002259,-0.002370,0.002338,0.001265,0.000602,-0.000231,-0.001285,0.002934,-0.000349,0.001913,-0.001286,0.001589,-0.003638
2000061,-0.002849,-0.000388,-0.000346,-0.004073,0.001236,0.000515,-0.001569,-0.002951,-0.000604,-0.000062,0.001450,-0.000813,0.000528,-0.002084,-0.000936,-0.001108,0.002278,-0.000013
2000062,0.002034,-0.000413,-0.000055,0.000524,0.000448,-0.001947,-0.000252,0.000037,0.001373,0.000268,-0.001353,-0.001455,-0.003309,0.001835,-0.000078,0.002338,0.000774,0.001094
2000063,0.000004,0.002545,-0.001369,0.000758,-0.000340,0.002147,-0.002366,-0.000192,0.002527,-0.000968,0.000571,0.003269,-0.001633,0.000200,0.000997,0.000777,-0.002353,-0.001431
2000064,-0.003413,0.000768,0.002688,0.004097,0.001915,-0.001763,-0.000923,-0.000092,-0.001628,-0.000133,-0.003524,0.000328,0.002921,0.000655,0.000427,0.003323,-0.001383,0.001456
2000065,0.002680,0.001838,-0.001773,-0.002008,0.003615,0.001880,0.000404,-0.002337,0.003218,-0.002070,-0.000593,0.000901,0.002351,0.003608,0.000862,-0.000875,-0.001672,-0.000167
2000066,-0.000676,-0.001015,-0.000395,-0.000530,-0.000729,-0.000068,0.001901,-0.000420,0.003295,0.001204,-0.000904,0.003617,-0.002132,-0.001935,0.004056,-0.000022,0.001850,-0.001732
2000067,0.001482,0.001009,-0.000877,0.002438,-0.001757,-0.001332,-0.001382,0.003170,0.000947,-0.001751,-0.002933,-0.000074,-0.001019,0.002310,-0.000391,0.001913,-0.000266,0.003804
2000068,-0.000970,0.002053,-0.002196,-0.003381,0.000299,0.000173,-0.001110,0.001769,-0.001687,0.002484,0.002213,-0.000488,0.002547,0.001964,-0.002223,-0.001133,-0.001281,-0.003024
2000069,-0.001927,-0.002125,0.000643,-0.002102,0.002869,0.000102,-0.001465,-0.001592,-0.000081,0.003022,0.002941,-0.000471,-0.002556,-0.000363,-0.002383,-0.001947,-0.000295,0.001189
2000070,-0.001387,-0.002529,0.003463,-0.001007,0.001227,0.003174,-0.003697,0.000169,-0.002524,0.003799,0.000818,-0.002079,-0.003319,0.001975,-0.000423,-0.003265,-0.000201,0.001100
2000071,0.000509,0.002761,0.002146,-0.001396,-0.001671,0.001062,0.005524,0.004002,0.003297,0.001578,-0.000688,0.002960,-0.004994,0.000420,0.000244,-0.002860,-0.002958,0.000846
2000072,-0.000450,-0.000829,0.001082,0.001233,0.001123,0.001027,0.000754,-0.001371,-0.000157,-0.002030,-0.003317,-0.001214,-0.000400,0.002652,0.001887,0.000295,0.000334,-0.001635
2000073,-0.003977,0.000197,-0.001111,-0.004462,-0.002310,-0.002111,-0.003813,-0.003257,0.002483,0.000345,-0.002183,-0.001625,-0.003677,-0.001451,-0.003686,0.004460,0.003364,0.002561
2000074,0.001860,-0.000280,0.001144,0.001442,0.000493,-0.002239,-0.001218,0.004073,0.002583,0.000097,-0.002771,0.000021,-0.002520,0.002750,0.003906,0.002192,0.002638,0.000192
2000075,-0.002752,0.000101,-0.002196,-0.001000,-0.003163,-0.003131,-0.002925,-0.003639,0.001529,0.003623,0.003765,0.003696,0.002585,-0.001349,-0.003241,0.003867,-0.000621,0.000697
2000076,-0.001994,-0.000425,0.001533,-0.000527,-0.000835,-0.000801,0.003804,-0.000957,-0.002454,0.000487,-0.001124,0.000414,-0.000290,-0.002089,-0.002361,-0.002901,0.001623,-0.004016
2000077,0.000419,-0.000819,-0.001954,-0.001518,0.001058,0.000520,0.000621,-0.002503,-0.001034,0.002922,-0.003152,0.000096,0.000227,-0.000982,-0.002737,-0.000904,0.000052,-0.001195
2000078,0.001847,0.000084,-0.000419,0.000303,0.002666,0.003324,0.003106,-0.001856,-0.002253,-0.001930,0.001103,-0.003254,0.000129,-0.003781,-0.000564,-0.000066,-0.001153,-0.001911
2000079,-0.000505,-0.003423,-0.002090,-0.001781,-0.002073,-0.000564,0.000603,0.001316,0.002373,-0.000617,-0.000628,0.000613,0.001417,-0.002229,0.000114,0.000477,-0.000162,0.002398
2000080,0.001610,0.000489,0.002446,-0.000270,0.001798,0.002518,0.000034,-0.003659,-0.001260,0.001793,-0.001042,0.000086,0.000399,0.002882,-0.000860,0.003484,0.000103,0.000463
2000081,0.001949,0.000759,0.000552,0.000220,0.001003,-0.001803,0.003018,0.002530,0.001249,-0.000176,-0.000523,-0.000458,0.002773,0.003017,-0.003916,-0.001065,-0.000028,-0.001117
2000082,-0.001036,-0.000644,0.002768,0.002746,-0.000983,-0.005925,0.003122,0.005343,0.004743,0.003794,0.005823,0.004188,0.000214,-0.001111,-0.001455,0.004065,-0.002796,0.001083
2000083,0.001995,0.001589,-0.000912,0.001231,0.001567,-0.000468,0.002445,0.002252,0.002732,0.002382,-0.001357,0.001873,-0.000541,0.001900,-0.000350,0.000616,-0.002621,-0.002710
2000084,0.002781,-0.001456,-0.001270,-0.003078,0.000191,-0.000349,-0.000579,0.002194,-0.003377,-0.002708,-0.000843,-0.001194,0.001131,-0.000186,-0.001464,-0.000698,0.002264,0.001249
2000085,0.001795,0.000888,-0.001163,-0.000309,0.001490,-0.000331,-0.001384,-0.000129,-0.001540,-0.000534,-0.002370,0.000247,-0.001188,0.001259,0.000751,-0.002343,0.000418,0.000739
2000086,-0.003227,-0.001656,0.006544,0.004439,0.004163,-0.003743,-0.002894,0.000828,0.000099,0.000034,-0.000551,0.002688,-0.005996,0.001963,0.002394,0.003986,0.005263,0.001076
2000087,0.000192,0.002933,0.000037,-0.003075,0.000189,0.000773,0.000177,0.000931,0.000269,-0.000576,-0.003083,-0.002404,-0.003376,0.000775,-0.004438,-0.001376,0.003612,0.002091
2000088,-0.000781,-0.000165,0.002328,-0.001522,0.002303,0.000243,0.001433,-0.002715,0.002199,0.001030,0.003217,-0.001476,-0.000654,-0.000783,0.002201,-0.000974,0.001092,-0.002796
2000089,0.005014,-0.002094,0.004880,0.004442,-0.002663,-0.001246,-0.002496,-0.003199,0.000265,0.000927,-0.001876,-0.002658,0.001068,-0.000705,-0.003247,0.003000,0.002421,0.005284
2000090,0.001313,0.002000,0.000765,-0.003203,-0.003870,0.000655,0.001023,0.001663,0.001199,0.000928,0.002826,-0.001261,-0.001812,-0.000496,-0.003235,0.004326,0.002169,-0.001801
2000091,0.002996,0.000062,-0.000483,0.000509,0.000738,0.001766,-0.001408,-0.001860,-0.001627,0.002415,0.002138,0.002021,-0.000433,0.001277,-0.002158,0.002445,-0.002314,0.000954
2000092,-0.000759,0.000498,0.003564,0.001807,0.000358,0.000618,0.000895,-0.001754,0.000857,-0.000207,-0.002617,-0.002226,-0.000505,-0.000029,0.000599,0.000959,-0.000878,-0.001499
2000093,0.001052,0.003013,0.002050,-0.002280,-0.002365,0.002072,0.000397,0.000429,0.000812,-0.001827,-0.001475,0.000796,0.000288,-0.001612,0.000285,-0.000861,-0.002406,0.000151
2000094,-0.000896,0.002735,-0.000804,-0.003143,-0.001105,0.003477,-0.000461,0.002786,0.001691,-0.001311,0.000571,0.000205,0.001211,0.000389,-0.002313,0.002850,0.003087,-0.001413
2000095,0.001048,0.002318,0.001908,-0.003559,0.005762,-0.003474,0.001698,0.005760,0.004520,-0.003528,0.003430,-0.002984,0.004526,-0.002817,0.001447,-0.001069,0.000006,0.003872
2000096,0.001673,0.000669,-0.000288,-0.003508,0.004161,-0.001477,-0.002773,0.002503,-0.000624,0.003192,-0.000598,0.001091,0.001615,0.001471,-0.001478,0.002847,-0.000121,-0.004240
2000097,0.000831,-0.000636,-0.000406,0.002033,-0.000869,0.002383,0.001776,-0.000531,0.000896,-0.002137,0.001629,0.003692,-0.000543,-0.001570,-0.001134,-0.000882,-0.002431,0.002825
2000098,0.001343,-0.003285,-0.000742,0.002004,-0.003826,-0.002024,0.002880,0.001446,0.000554,-0.001288,-0.002234,-0.001565,0.003609,-0.001055,-0.001424,-0.004326,0.000697,0.000614
2000099,0.002208,-0.000008,-0.000443,0.000035,0.001423,0.001519,-0.000943,0.000864,-0.003348,-0.000473,-0.002309,-0.001653,0.001590,0.001393,0.001443,-0.000887,-0.001700,-0.001849
