0,-0.025891,0.070951,-0.069538,-0.136455,-0.079144,-0.077295,-0.130450,-0.017329,0.034133,0.056634,0.029073,0.038215,0.009325,-0.055494,-0.048481,0.013728,-0.042988,-0.022353
1,0.042034,0.061956,-0.124727,-0.183183,-0.066309,-0.055319,-0.078608,-0.042694,0.022226,0.024611,0.069419,-0.031649,-0.014976,-0.184037,-0.007982,0.007568,-0.035837,0.008035
2,0.109905,-0.083234,-0.043520,0.048447,-0.097372,-0.004436,-0.078991,0.062336,-0.032926,0.038289,0.113161,0.090822,0.088865,-0.049046,0.115546,0.064339,-0.071908,0.022223
3,0.196922,0.043395,-0.077840,0.090105,-0.099826,-0.133312,0.061673,-0.010959,-0.025729,0.165791,0.019591,0.150377,0.223881,-0.097849,0.186902,0.079924,-0.058013,0.070989
4,0.131843,0.024296,0.046632,0.083920,-0.147468,-0.068419,-0.047065,0.027963,-0.032403,0.060244,0.077241,0.011493,0.001240,-0.064596,0.184589,0.037928,0.002793,0.102848
5,-0.053072,-0.145215,-0.024991,-0.044632,-0.000115,0.084173,-0.110434,0.112550,-0.045914,-0.084880,0.127607,0.133248,-0.016550,0.032440,0.019913,0.100223,-0.188371,-0.057845
6,0.147102,-0.010371,0.010065,0.096678,-0.198046,-0.058545,-0.080096,-0.001917,-0.025499,0.102912,0.107070,0.016133,0.232254,-0.092327,0.138872,0.134934,-0.021347,0.067935
7,0.049237,0.011155,0.056229,-0.014982,-0.099293,-0.031497,0.002409,0.100957,0.022174,0.017998,0.004646,0.087808,-0.033807,-0.066408,0.079223,-0.101979,-0.086244,0.064467
8,0.134001,-0.034791,0.076375,-0.011380,-0.067522,-0.150993,0.137047,0.047353,-0.007895,0.175860,-0.127916,0.066708,0.131163,-0.112560,-0.011117,-0.017069,0.054549,0.040556
9,0.027012,-0.102454,-0.062337,-0.052640,-0.063127,-0.055608,-0.000610,0.109326,-0.012494,-0.056101,0.036362,0.097643,-0.011174,-0.057879,0.080446,0.013596,-0.122447,-0.025838
10,0.009128,-0.181800,0.080684,0.002220,-0.079975,0.120574,-0.113188,0.009183,0.066758,0.053458,0.176900,0.052854,-0.029948,0.027941,0.000930,0.098931,-0.156438,-0.142325
11,0.274435,0.091603,-0.144752,-0.095478,-0.123616,-0.189817,0.086211,-0.036868,-0.113560,0.182236,-0.033087,-0.014437,-0.029501,-0.149067,0.158955,-0.022677,-0.135127,0.125771
12,0.069988,-0.044664,-0.001639,0.009110,-0.051436,-0.012136,-0.030816,0.168380,-0.012410,0.005249,0.043108,0.039408,0.021744,-0.040795,0.111685,0.017575,0.005607,0.133514
13,-0.009246,-0.107979,0.022244,-0.029762,-0.050554,0.062204,-0.066939,0.054399,0.025137,0.065010,0.110746,0.082719,0.024126,0.016469,0.044262,0.153739,-0.102648,-0.041194
14,0.080606,-0.081091,0.044355,0.034221,-0.127333,-0.043279,-0.063450,0.087138,-0.006232,0.034364,0.060953,-0.033143,0.073406,0.043609,0.044725,0.089969,-0.065760,0.029234
15,0.051438,0.050976,0.088340,-0.071294,-0.034984,-0.157791,0.113889,-0.070783,0.035792,0.196260,-0.180646,0.024216,0.229582,-0.058368,-0.057979,-0.025150,0.058679,-0.039580
16,0.130207,-0.003431,0.082093,0.002789,-0.091867,0.073758,-0.151641,-0.032259,0.116095,0.008742,0.171115,0.042583,-0.033221,-0.031092,0.050994,0.124478,0.101269,0.110688
17,0.130486,0.044959,0.054777,0.029639,-0.069720,-0.068141,-0.011107,0.052765,0.043249,0.028064,-0.023422,0.039514,-0.044751,0.004916,0.086397,-0.081651,-0.017386,0.074799
18,0.156473,-0.034954,0.120653,0.160365,-0.145452,0.012482,-0.057291,0.119870,0.038651,0.010672,0.108413,0.054950,0.016202,0.007429,0.107317,0.049943,0.062111,0.139810
19,0.023755,0.072845,-0.008474,0.021960,-0.085849,-0.023554,-0.038636,0.048695,0.030141,0.011667,0.048765,0.089399,-0.031323,0.023465,0.037046,0.067751,-0.015282,0.063133
20,0.077235,0.022973,0.069484,-0.066926,-0.060632,-0.133527,0.090737,0.022437,0.043189,0.226129,-0.126736,0.069841,0.188113,-0.026809,0.011566,-0.047625,0.012962,0.005663
21,0.012488,-0.144619,0.160061,-0.041921,-0.063060,0.133872,-0.014796,0.039054,0.087566,0.113750,0.163209,0.014361,-0.040649,-0.001729,0.004193,0.108684,-0.062713,-0.037040
22,0.033442,-0.047915,-0.030570,0.000318,-0.144192,0.065065,0.049232,0.084930,0.009638,0.010538,0.116636,0.117229,0.039190,-0.020445,0.071616,0.160419,-0.075772,0.010596
23,0.057464,-0.050153,-0.013964,0.043051,-0.083327,-0.052455,-0.054685,0.081309,-0.018279,-0.069852,0.087368,-0.030874,-0.033881,-0.010925,0.087860,-0.023758,-0.039651,0.093384
24,0.036227,-0.111448,0.048349,-0.005501,-0.030161,0.089563,0.020843,0.118701,-0.048539,0.047264,0.050921,0.142013,0.061196,0.017805,0.020233,0.060249,-0.058338,0.020283
25,0.069090,-0.020356,0.005591,0.042814,-0.137088,-0.005964,0.004460,0.058280,0.017283,0.070048,0.048015,0.040919,0.087155,-0.015690,0.064283,0.060384,-0.035639,0.062723
26,0.061172,-0.065408,-0.020690,-0.006656,-0.058370,0.064657,-0.077707,-0.004819,0.023009,-0.090199,0.104535,0.072275,0.056943,0.004289,0.158842,0.156283,-0.031715,0.022604
27,-0.025111,-0.097412,-0.011629,0.025610,-0.029962,0.066515,0.032953,-0.020393,-0.061030,-0.013164,0.018108,0.024526,-0.010698,0.067767,0.095251,0.068293,0.067852,0.104153
28,0.007235,0.053871,0.039737,0.058328,0.085631,-0.070123,-0.043033,-0.058311,-0.053856,-0.106674,0.000276,0.005774,-0.085224,0.007459,0.023463,-0.050220,-0.130215,0.016114
29,0.042391,0.028601,-0.033093,0.049079,-0.049568,-0.010830,-0.024962,0.057301,-0.153909,-0.074666,0.039825,0.061246,-0.084061,0.028148,0.004750,-0.053194,-0.034279,0.127385
30,-0.050195,-0.062275,-0.011048,-0.008798,-0.111518,0.152075,-0.009033,0.015340,-0.047511,-0.033398,0.124653,0.110573,0.019742,0.058198,0.069819,0.053806,-0.056851,-0.109745
31,-0.036870,-0.070408,0.031393,0.082388,-0.066771,-0.012204,0.006703,0.060361,0.020502,-0.019621,0.123860,0.077068,-0.021531,-0.029215,0.043992,0.107886,-0.164665,-0.011218
32,0.012855,-0.043108,-0.009767,0.032176,0.028934,0.027365,-0.050535,0.026254,-0.001776,-0.001546,0.077006,0.064315,0.002282,-0.009948,0.037536,0.045296,0.071350,-0.049961
33,-0.030184,-0.001779,-0.041501,0.040712,-0.056067,0.004191,0.047386,0.089975,0.025338,0.060801,0.018570,0.020381,0.008566,0.110400,0.064323,0.013807,0.012939,0.041249
34,-0.121199,0.036325,0.011522,-0.029467,-0.001416,0.051507,0.047140,-0.059554,-0.013487,0.007162,-0.018454,-0.053563,-0.005694,0.099436,-0.019790,-0.067637,0.011968,-0.003616
35,0.111502,0.005910,0.045898,-0.003781,-0.104252,-0.098535,0.101266,0.033312,0.023898,0.103353,-0.082496,-0.029152,0.148364,-0.078686,0.023465,0.003823,0.012384,0.036204
36,0.165802,0.120701,-0.052503,-0.019024,-0.038615,-0.148833,0.155148,-0.119581,-0.014144,0.150076,-0.095950,-0.042015,-0.054642,-0.103740,0.062035,-0.016105,0.110238,0.155831
37,0.111895,-0.008768,0.085495,0.011590,-0.108198,0.023371,0.034415,0.017333,-0.038309,0.109907,0.052350,0.012388,0.040681,-0.029389,0.093206,0.047400,0.035508,0.112340
38,-0.089269,0.113004,0.066109,-0.069854,0.037406,-0.040837,0.044934,-0.030087,0.008419,0.029651,-0.063802,0.007768,0.056663,-0.045559,-0.053930,0.010581,0.068933,-0.073430
39,-0.072982,0.015029,0.064396,-0.036374,0.014283,0.069274,-0.026781,0.043636,0.029417,-0.030540,0.005989,-0.034993,0.096757,0.040838,-0.055842,-0.056347,0.086246,0.020185
40,0.114649,0.002030,-0.013590,0.026595,-0.124843,-0.073692,-0.037143,0.025540,-0.063414,0.180899,0.059932,0.028696,0.105004,-0.035238,0.079380,0.109448,0.026323,0.070547
41,0.011799,-0.002921,0.028434,0.045179,-0.007295,0.073736,0.045430,-0.015512,0.018117,0.095319,0.043701,0.016264,0.071483,0.077501,0.042145,0.074199,0.063855,-0.051714
42,-0.051138,-0.055096,0.091857,0.000414,-0.054829,0.044100,-0.009792,0.030046,0.015668,0.029191,-0.010537,0.081317,0.088725,-0.028364,-0.012976,0.002282,0.063845,-0.048352
43,0.015171,-0.077644,0.093203,0.176430,0.020390,-0.004253,0.054574,0.112860,0.010406,0.021385,0.012844,0.046343,0.003776,0.051622,0.059864,0.059440,0.065427,0.047933
44,0.047716,-0.111319,-0.033762,0.070127,-0.109776,0.092212,0.051903,0.077776,0.025571,-0.050488,0.073086,-0.005133,0.044408,0.015338,0.145402,0.134426,0.021482,-0.086054
45,-0.012098,-0.025530,-0.012536,-0.029787,0.024599,0.025574,-0.002167,-0.016582,0.016587,-0.069900,0.002536,0.061150,-0.000771,0.065022,0.058955,0.093270,-0.132411,-0.002576
46,-0.060515,0.106069,-0.053167,-0.031327,0.037083,0.052563,-0.002783,-0.137588,0.031483,0.021861,-0.057273,-0.026651,0.009736,-0.009212,-0.053500,-0.062225,0.054680,-0.038951
47,0.061526,-0.045604,0.053573,0.007877,0.013239,0.033659,0.037788,-0.033720,-0.064408,0.052236,0.064295,0.068622,0.059294,0.005218,0.102994,0.059010,0.030830,-0.010750
48,0.011868,-0.099968,0.035866,0.002563,0.046501,0.044562,0.095168,0.035109,0.063791,0.044270,0.028304,0.019840,0.021967,0.047068,0.060887,-0.014703,0.012059,-0.029041
49,0.005992,-0.053394,-0.027911,0.126662,0.079050,-0.034090,0.012389,-0.014556,-0.037379,-0.063461,-0.049560,-0.084731,-0.047895,0.011523,-0.042207,-0.127670,-0.020685,0.055333
50,0.064408,-0.012567,0.015841,0.004392,-0.043398,0.033680,-0.003719,0.084784,0.002410,0.001299,0.127245,0.059062,0.004916,0.038134,-0.010697,0.075995,0.007819,0.068588
51,0.034019,-0.033240,0.032502,-0.001004,0.043645,0.095083,0.036299,-0.041549,-0.017925,-0.063725,0.017460,-0.027634,-0.018086,-0.007531,-0.050202,-0.040697,0.120603,-0.026067
52,-0.009767,-0.019107,-0.038404,0.026892,-0.083318,0.016465,-0.042250,-0.012762,0.002963,0.039168,0.047487,0.052916,0.039492,-0.001234,0.077437,0.060041,-0.096357,0.004382
53,0.014081,0.076356,0.057495,-0.113282,0.055045,0.013107,0.022094,-0.094179,-0.056563,-0.032778,-0.052992,-0.050829,0.033391,-0.010539,-0.087275,-0.035653,0.045962,-0.050523
54,0.019052,0.041663,0.017306,-0.044777,0.047807,-0.053184,0.052314,0.005098,-0.000860,0.017862,-0.072309,-0.050308,0.036658,-0.046624,-0.078341,0.012042,0.033050,0.017563
55,-0.104569,-0.023226,-0.021326,0.087513,0.020548,0.065013,-0.002196,0.041783,-0.079785,-0.145246,0.066099,-0.018302,-0.105055,0.079116,-0.007880,0.006844,-0.021893,-0.021392
56,0.014994,0.032963,0.079308,0.006868,0.038862,0.039408,0.049281,0.054878,-0.027961,-0.012456,-0.037474,0.038571,0.056830,0.007484,0.028750,-0.064791,0.006304,0.016767
57,-0.033557,-0.016263,0.062897,-0.017110,0.038444,-0.027583,0.066187,0.026365,0.066605,-0.040020,-0.059514,0.002513,0.057498,-0.041342,-0.014664,0.004220,0.057645,-0.053226
58,0.008850,-0.106388,0.067213,0.094863,-0.095279,-0.036937,0.117637,0.127994,-0.012039,-0.008282,-0.023649,0.049020,0.016583,-0.017134,0.061843,0.055381,0.026933,0.067410
59,0.034996,-0.047224,0.023128,0.091389,-0.046219,0.053057,0.011156,0.002119,-0.019254,-0.047396,0.064015,0.101556,0.053281,0.025885,0.028144,0.115162,0.063124,0.033222
60,-0.040105,-0.079205,0.048778,-0.014645,0.124750,0.059194,0.048648,0.043338,0.040227,-0.064071,-0.035747,0.010023,0.001794,0.002341,0.033107,-0.009808,0.040740,-0.047704
61,-0.020116,0.009822,0.024873,-0.021493,-0.009786,0.015986,0.079038,-0.044577,0.028444,-0.016575,-0.090656,0.018044,0.096546,-0.001314,-0.047563,0.003509,0.007196,-0.078853
62,0.004768,0.029711,0.041686,0.000788,-0.021009,-0.019273,-0.054774,0.057032,0.059493,0.075005,-0.031893,-0.045949,0.021338,-0.014133,0.038562,0.009024,0.067770,-0.055801
63,-0.088014,-0.001972,0.077267,-0.040194,0.043210,0.060735,-0.017565,-0.014664,0.103744,-0.030238,0.026456,0.025334,0.011165,0.007938,0.023653,0.011721,-0.002332,-0.055547
64,0.092137,0.005087,0.094672,0.029292,-0.042760,-0.060652,0.128806,0.080540,-0.046164,0.176973,-0.137233,0.038858,0.154206,-0.000594,0.006378,-0.022836,0.014860,0.101083
65,-0.044206,0.010508,-0.057263,-0.033030,0.038942,0.068168,-0.033161,0.003482,0.012065,0.032197,-0.091180,-0.030773,0.003552,-0.002926,-0.036303,-0.006150,0.081499,-0.014257
66,0.115706,-0.002216,0.093129,0.041557,-0.052610,-0.096371,0.074575,0.040155,-0.088269,0.160970,-0.122456,0.104277,0.144005,-0.038194,0.054924,-0.006508,-0.007616,0.087232
67,-0.003503,0.034500,0.024018,-0.035002,-0.054116,0.025540,0.017479,0.015298,0.026697,0.006412,0.027612,0.059374,0.026731,-0.060655,0.007354,0.043653,-0.012863,0.053569
68,0.016082,-0.052009,-0.023541,0.026607,-0.033190,0.023984,-0.065953,0.079025,-0.049295,-0.025690,0.048223,0.036035,-0.004208,0.026501,0.004712,0.071454,-0.095499,-0.042410
69,-0.058845,0.091327,0.037185,0.041864,0.029547,0.041253,0.078101,-0.031288,-0.012031,-0.028044,-0.063242,-0.066274,0.068018,-0.044952,-0.059656,-0.077842,0.056602,-0.043919
70,-0.020764,0.034038,-0.067043,0.000685,-0.018961,0.020490,-0.076808,-0.007848,-0.066398,-0.112436,0.045328,-0.065661,-0.103087,-0.050989,-0.018325,-0.067831,-0.008420,0.010353
71,0.045529,-0.083912,0.027011,0.073433,-0.041650,-0.084140,0.147327,0.010232,-0.005884,0.087635,-0.090315,-0.010274,0.041315,0.000187,-0.058751,0.026187,0.064656,0.089263
72,-0.046568,-0.014353,0.074081,-0.067481,0.054163,0.011630,0.003342,-0.002117,0.024725,0.029205,-0.096329,-0.004508,0.061183,0.028802,-0.132348,-0.089240,0.073394,-0.069790
73,0.039947,-0.099591,0.025169,0.103773,-0.059128,-0.019602,0.047566,0.121234,-0.020826,0.031376,-0.017661,0.135310,0.025107,-0.023807,0.083030,0.026712,0.000095,0.027853
74,0.033938,0.053810,0.057770,-0.085456,0.124150,-0.058417,-0.014715,-0.001863,0.025543,0.006159,0.029731,-0.093399,-0.068526,-0.089966,-0.108312,-0.055515,0.032114,-0.056705
75,0.047351,-0.020086,-0.081135,0.005368,-0.019330,-0.011558,0.004259,0.030709,0.040938,-0.005056,0.018475,-0.035090,0.000726,0.023723,0.019044,0.004588,-0.040560,0.048470
76,-0.005111,0.017208,0.044631,0.059090,0.072492,0.064289,0.014728,-0.038256,-0.002984,0.022112,-0.067118,0.006166,0.079782,0.053194,0.006348,0.035181,0.120671,-0.024956
77,-0.031989,-0.001235,-0.083807,0.030141,0.006795,0.045021,-0.035516,0.041488,-0.098488,-0.106476,-0.086683,0.001393,-0.120612,-0.101357,-0.040058,-0.126710,0.004420,0.070843
78,-0.058138,-0.012899,0.069078,0.046866,-0.004715,0.041100,-0.030771,0.047361,0.072774,-0.011642,0.010856,0.025810,0.082886,0.051379,-0.004325,-0.010874,-0.031341,0.007932
79,0.002905,-0.080975,0.047135,0.010932,-0.004256,-0.064142,0.025064,0.059022,-0.050840,0.059238,-0.100239,0.010323,0.091357,-0.006858,0.038281,-0.025776,-0.026466,0.050994
80,0.006300,0.034589,-0.025987,0.007366,0.021738,0.038907,0.108613,0.011104,-0.006670,0.078832,-0.029266,-0.015604,-0.056565,0.010084,-0.009469,-0.000171,0.076828,0.036433
81,-0.025789,-0.037162,-0.058765,0.020259,-0.043174,-0.039022,0.032431,-0.034832,-0.069307,-0.063143,-0.032742,-0.036856,0.030190,0.053715,-0.025720,0.051073,0.053139,0.019572
82,-0.049642,-0.023742,-0.055324,0.011903,0.001280,0.032952,0.083837,0.005151,-0.013109,-0.130301,0.025908,0.106464,-0.131646,-0.046766,-0.029783,-0.004581,-0.123915,-0.035777
83,-0.026213,-0.014690,-0.015496,0.023544,-0.015302,-0.006605,0.003123,-0.045038,-0.008147,-0.049156,-0.025137,0.009898,-0.126423,-0.001274,-0.094717,-0.074419,0.032547,-0.002156
84,-0.008870,-0.092985,-0.004227,0.065775,-0.012250,0.050627,-0.029807,-0.037069,0.029553,-0.038945,0.127096,0.047967,-0.064667,0.107429,0.015010,0.144938,-0.054665,-0.096237
85,0.072857,0.022880,-0.009516,-0.049115,-0.000355,0.034990,-0.036767,-0.025851,-0.068655,-0.060166,0.061669,-0.098942,-0.063928,-0.022200,-0.033548,0.017465,0.059347,0.110525
86,-0.065363,-0.046674,0.034489,-0.025950,0.015235,0.065743,0.015520,0.076462,0.020302,0.009181,-0.019448,0.018150,0.017064,0.074797,-0.053494,0.020041,0.081692,0.020403
87,0.065797,-0.027691,0.056263,0.046515,-0.069605,0.033081,-0.011099,0.053164,-0.063686,0.012547,-0.030407,-0.023641,-0.049801,-0.008506,0.120072,0.066209,-0.050136,-0.042848
88,-0.001714,-0.030849,0.003861,0.097846,-0.010121,-0.046657,-0.003240,0.114932,-0.017021,-0.053024,-0.018524,-0.002145,-0.000062,0.051551,0.078418,0.083529,0.004396,0.099130
89,-0.068802,-0.017937,0.033427,-0.026866,0.005132,0.104179,0.012813,-0.011152,0.068779,0.041015,-0.056052,-0.024562,-0.016980,0.014696,-0.027450,-0.023962,0.015319,-0.028349
90,-0.106249,0.037475,-0.058360,0.045748,0.013447,0.014006,-0.006959,-0.095655,-0.110378,-0.021939,-0.047917,0.040609,-0.032821,0.075553,-0.050047,-0.049460,0.045536,0.000024
91,-0.063239,-0.014946,-0.035286,0.080253,0.043602,0.057149,-0.043095,0.012869,-0.022063,-0.006380,-0.042740,-0.095357,0.032918,0.051785,-0.069987,-0.034922,0.078160,-0.026156
92,-0.008057,-0.030805,0.034767,-0.050888,-0.017255,-0.002760,-0.048455,-0.005643,-0.019305,-0.010270,0.007244,0.019857,0.034705,0.002253,-0.037426,0.017480,0.011871,-0.018988
93,0.014170,0.058971,0.097876,-0.003075,-0.043165,0.048737,0.092771,0.029226,-0.047309,-0.021854,-0.057855,-0.050361,0.077923,0.030669,0.033127,-0.052441,0.014239,-0.018258
94,-0.017393,0.005545,0.036820,0.001384,0.070743,0.011835,0.067832,0.009289,0.071665,0.001596,-0.025269,0.014916,0.047265,0.076150,-0.044873,-0.010042,0.062365,0.014547
95,0.013870,0.055665,0.023794,-0.077483,0.065044,-0.022466,0.064991,-0.075114,0.021720,0.040591,-0.034964,0.007575,0.005689,-0.024552,-0.067477,-0.063523,-0.000353,-0.065399
96,-0.049012,0.048910,-0.006442,-0.056633,0.052270,0.044221,0.008810,0.015807,-0.025801,-0.089291,-0.098994,-0.049045,0.042988,0.046045,-0.025608,-0.041584,0.048572,-0.036327
97,-0.015871,-0.128403,-0.035690,0.003295,-0.057183,0.050123,0.001794,0.005956,-0.069975,-0.008356,-0.006954,0.002466,-0.031137,0.025344,0.047937,0.041937,0.025649,0.050538
98,-0.069658,-0.056123,0.031149,-0.032053,0.006275,0.058773,-0.046068,0.044664,0.072473,0.060058,-0.003309,0.040897,0.055376,0.043139,-0.028482,0.039239,0.008097,-0.130171
99,-0.065552,-0.051565,0.015822,0.022308,0.042736,0.027298,-0.002404,0.025131,0.045967,-0.049893,0.076779,-0.004314,-0.082429,0.066981,-0.053587,0.042386,-0.012475,-0.127711
