1000000,-0.030825,-0.056211,0.052473,-0.008832,-0.014683,-0.001244,-0.037550,-0.006877,0.035312,-0.027750,-0.039310,-0.004800,-0.018427,0.015607,0.018467,-0.021693,-0.010000,-0.009199
1000001,0.098041,-0.098683,-0.067760,-0.013962,0.067604,-0.049913,-0.003137,-0.063657,-0.083414,-0.065561,-0.131555,-0.028677,0.086868,0.054807,0.052457,-0.067743,0.080885,0.118754
1000002,-0.003564,0.021437,-0.053683,0.021320,0.002001,-0.067235,0.045058,-0.069012,-0.026622,0.057146,-0.060210,-0.016663,0.045253,0.009381,-0.046707,-0.023395,-0.036348,0.091487
1000003,0.096346,-0.065263,-0.088210,-0.074238,0.070487,0.017561,-0.050830,-0.031185,-0.039454,-0.047554,-0.112871,-0.032560,-0.013155,-0.098909,-0.028843,0.063082,0.062048,0.006832
1000004,0.014535,0.008794,-0.064989,-0.007549,0.033850,-0.035175,-0.006964,-0.039986,-0.030467,0.019616,-0.086817,-0.036922,0.030940,-0.004522,-0.018322,0.004399,-0.026023,0.051997
1000005,0.099737,-0.104083,-0.029261,-0.049606,0.026517,0.060536,-0.051871,-0.024249,-0.087330,-0.071652,-0.129774,-0.047524,-0.051972,-0.065882,0.008446,0.032800,0.068458,-0.005584
1000006,0.112355,-0.071577,-0.058786,0.020936,0.092146,0.001736,-0.020953,-0.124247,-0.000825,0.065861,-0.095304,-0.015883,-0.001764,-0.008047,-0.028858,-0.006565,0.063749,0.108142
1000007,0.144131,-0.086046,-0.058350,-0.082550,0.116529,0.084756,-0.031272,-0.013283,-0.018177,-0.066911,-0.091932,-0.038968,0.029185,-0.001702,-0.067738,0.042780,0.050715,0.023635
1000008,0.021580,-0.028420,-0.020424,0.061764,-0.034090,-0.168163,-0.088566,0.008980,0.016839,-0.048189,-0.152433,-0.009422,0.045181,0.064064,0.114180,-0.054466,0.077961,0.002183
1000009,0.003086,-0.052470,-0.014339,-0.067756,-0.061909,-0.036503,0.167749,-0.014853,0.040545,-0.012672,-0.087436,0.091615,0.026119,0.021160,-0.027850,-0.069023,0.003628,0.033184
1000010,0.023896,-0.020671,-0.048166,0.003946,-0.066275,-0.039995,-0.094199,0.052579,-0.039401,-0.040273,-0.105078,-0.112927,0.001819,-0.004706,0.026514,0.069191,-0.050336,0.028031
1000011,0.070206,-0.032579,-0.084292,0.010408,-0.056635,-0.035825,-0.086445,0.031952,-0.073532,-0.052221,-0.162275,-0.074562,0.033827,-0.011410,0.016318,0.019922,-0.039593,0.018875
1000012,0.001940,-0.018853,-0.019451,-0.006656,0.028506,-0.037685,0.081110,-0.051271,-0.021066,0.050978,-0.044982,0.004148,0.094354,0.060728,-0.007712,-0.022176,0.075897,0.051169
1000013,0.103620,-0.130594,-0.086026,-0.071638,0.009165,0.016969,-0.070702,-0.011943,-0.135803,-0.090735,-0.158985,-0.059410,0.039314,-0.059473,-0.048172,-0.009982,-0.009284,0.024606
1000014,-0.078724,0.036828,-0.071728,0.024116,-0.042775,-0.049465,0.062962,-0.007347,0.029689,-0.017778,-0.107774,0.003179,0.135827,0.051581,0.018561,-0.003541,0.061976,0.032938
1000015,0.115841,0.011482,-0.053073,-0.058373,0.012914,-0.015538,-0.057173,-0.012976,-0.075093,0.043474,-0.051551,-0.063580,-0.037707,-0.069696,-0.036607,-0.002135,-0.066329,-0.013017
1000016,0.091201,-0.068752,-0.061802,-0.032315,0.037004,-0.014067,0.004663,-0.008104,-0.082736,-0.051468,-0.139035,-0.019378,-0.002631,0.000761,0.009832,-0.035003,0.059673,0.051138
1000017,0.071864,-0.081350,-0.057733,-0.039117,0.080269,0.055253,-0.040206,-0.087363,-0.057409,0.019502,-0.064392,0.007452,0.014727,0.023868,-0.018536,0.002649,0.071872,0.036257
1000018,-0.038663,-0.032127,-0.077644,0.017675,-0.016716,-0.079583,0.040680,-0.017975,0.018719,-0.009588,-0.074711,-0.018845,0.065786,0.067225,0.006564,-0.015270,0.041384,0.032619
1000019,0.134742,-0.082440,-0.100684,-0.003868,0.015366,-0.048219,-0.026590,0.025094,-0.008072,-0.046852,-0.148638,-0.000499,-0.052614,-0.018631,-0.050421,-0.048200,0.039844,0.073766
1000020,0.064508,-0.038830,-0.071196,-0.003463,0.038278,-0.025912,-0.000606,-0.003001,-0.014990,-0.028176,0.012795,-0.092425,-0.022476,-0.017592,-0.030050,0.010929,0.093462,-0.027925
1000021,0.026475,0.023256,-0.001976,-0.029062,-0.063539,-0.058864,0.064446,-0.028936,0.035768,-0.020521,-0.110657,0.089289,0.050729,0.093622,0.033040,-0.040994,0.061151,0.123399
1000022,0.078146,-0.062999,-0.095400,-0.078433,0.106592,0.031306,-0.022678,-0.081942,-0.116784,0.004822,-0.150412,-0.005660,0.056697,-0.017110,-0.027380,-0.014609,0.106344,0.041717
1000023,-0.011934,0.014702,-0.018681,0.085996,-0.098061,-0.103390,-0.037059,0.027818,0.009799,-0.019834,-0.073110,-0.050760,0.066721,0.060652,0.088900,-0.014883,0.018656,0.017902
1000024,-0.081930,0.049790,-0.007402,0.047570,-0.059894,-0.122373,-0.023031,0.017074,-0.034304,-0.070623,-0.043415,0.008071,0.118989,0.036232,0.041835,-0.070473,0.027140,0.025550
1000025,0.051721,-0.000575,-0.046459,-0.010650,0.011457,-0.000856,-0.013473,-0.030073,-0.108553,-0.039517,-0.051521,-0.023356,-0.004483,-0.032694,-0.004883,-0.032756,-0.035044,0.013490
1000026,0.050420,-0.016304,-0.033766,-0.026958,0.067276,0.080231,0.008767,-0.055865,-0.012853,-0.051386,-0.018894,-0.040037,-0.055465,-0.031376,-0.059702,0.022166,0.077021,0.027481
1000027,0.007256,0.026366,-0.040015,-0.094021,-0.040296,-0.029302,0.090195,0.000152,-0.075479,0.020041,-0.092992,0.063998,0.016388,0.016955,-0.024127,-0.056045,-0.023988,0.096573
1000028,0.105252,-0.089124,-0.113928,-0.069266,0.052902,0.056518,-0.075181,-0.017402,-0.081229,-0.048084,-0.120413,-0.045334,-0.032815,-0.048419,-0.052833,0.013842,-0.004814,0.028252
1000029,0.082022,-0.084213,-0.085615,-0.062596,0.057683,-0.022084,-0.044281,-0.056889,-0.083374,-0.021693,-0.129681,0.007104,0.053965,0.016368,0.006314,-0.032477,0.059505,0.090002
1000030,0.083509,-0.042226,-0.089180,-0.035194,0.019758,0.027695,-0.026783,0.022226,-0.114816,-0.065665,-0.027111,-0.078972,-0.044636,-0.017873,-0.013909,-0.007026,-0.049608,-0.043284
1000031,-0.029974,0.012739,0.016726,-0.039182,-0.070873,-0.006963,0.034873,-0.035501,-0.038787,-0.027526,-0.052793,0.015288,0.013251,0.045617,-0.024557,-0.037902,0.007546,0.092841
1000032,0.095779,-0.079320,-0.105966,-0.004269,0.013480,0.024708,-0.065610,0.028280,-0.106921,-0.024294,-0.123477,-0.074085,-0.099745,-0.065387,-0.009074,0.034370,-0.092339,-0.043434
1000033,-0.074717,0.058679,-0.012815,0.050989,-0.048397,-0.073820,-0.035110,0.023889,0.016471,-0.044764,-0.104653,-0.003766,0.096081,0.081488,0.111159,-0.076019,0.071991,0.046073
1000034,-0.038461,0.044204,-0.014069,0.082719,-0.131852,-0.120950,-0.007529,0.018975,0.010359,-0.074735,-0.046709,-0.016983,0.082558,0.096962,0.091652,-0.027766,0.042647,0.056748
1000035,-0.017203,-0.024873,-0.082493,-0.007110,-0.017780,-0.038092,-0.046317,-0.015023,-0.052379,-0.084587,-0.146796,-0.076447,0.034877,0.006740,-0.014538,0.005202,-0.020737,0.012343
1000036,-0.039474,0.003474,-0.123412,0.034975,-0.051269,-0.101740,0.046072,0.015522,-0.055691,0.026701,-0.115773,-0.014125,0.091138,0.045792,0.045752,0.016639,0.043013,0.039257
1000037,-0.003152,0.020467,-0.013565,-0.058697,-0.043012,0.007752,0.080427,-0.035008,-0.061425,-0.055578,-0.070374,0.050251,0.059750,0.058372,-0.036666,-0.012619,0.015295,0.061108
1000038,0.101344,-0.065698,-0.086029,-0.069066,0.044310,-0.002719,-0.000003,-0.020579,-0.046359,-0.057765,-0.073689,-0.014046,-0.043739,-0.012673,-0.000263,-0.031383,-0.019050,0.020921
1000039,-0.055032,0.060836,-0.001578,0.053001,-0.056824,-0.107943,-0.001989,0.020023,-0.020166,-0.064393,-0.096821,-0.034587,0.089179,0.066052,0.096649,-0.022285,0.062046,0.052144
1000040,0.089601,0.006429,-0.096278,-0.001359,0.071810,-0.044159,0.023071,-0.004555,-0.010205,0.050502,-0.133555,0.030198,-0.031940,0.017793,-0.002721,-0.042242,-0.051635,0.059238
1000041,-0.004203,-0.014434,-0.023886,0.019362,0.031432,-0.067554,-0.055807,-0.056405,-0.041954,0.056428,-0.073640,-0.001517,0.034621,0.047819,0.016197,-0.059945,0.005938,0.029431
1000042,0.052521,-0.039947,-0.042027,-0.051860,0.059595,0.051282,0.021125,-0.103374,-0.026428,-0.024783,-0.073300,0.021336,-0.061326,-0.045849,0.001891,-0.001288,0.063447,-0.006140
1000043,0.068684,-0.039581,-0.038896,-0.026097,0.029526,-0.048491,-0.040435,0.023012,-0.055760,-0.037412,-0.086517,-0.008901,0.016239,-0.037041,-0.004604,0.024873,0.031763,0.022703
1000044,0.054380,-0.055123,-0.055396,-0.068260,0.124110,0.084397,-0.011321,0.002954,0.015086,-0.035247,-0.005319,-0.053469,-0.048753,-0.063078,-0.037892,0.036933,0.060469,0.010859
1000045,0.091826,-0.052884,-0.041941,-0.059512,0.048769,-0.014901,-0.050087,-0.011397,-0.068172,-0.066150,-0.114674,0.028854,0.000933,-0.002537,-0.012466,0.025741,0.004142,0.096145
1000046,-0.017970,-0.076510,-0.043844,0.003757,-0.046350,-0.064989,0.048892,0.006651,-0.059595,0.040270,-0.059926,0.000706,0.095190,0.022015,0.086164,-0.013727,0.090142,0.010062
1000047,-0.038536,0.079550,0.066092,0.099343,-0.140039,-0.112967,-0.004461,0.072047,-0.042583,-0.069478,0.032300,-0.026354,0.070680,0.091528,0.100032,-0.039226,0.044627,0.032892
1000048,0.011748,0.018920,0.000432,-0.001007,-0.061717,-0.062556,0.013304,0.011561,-0.084798,-0.035301,-0.038950,0.102802,0.077211,0.007623,0.001435,-0.025269,-0.046259,0.063757
1000049,0.041024,-0.072235,-0.050440,-0.067561,0.046558,0.082096,-0.035411,-0.011396,-0.029728,-0.052649,-0.108236,-0.082764,-0.041135,-0.060269,-0.085978,0.026944,-0.005633,-0.014681
1000050,0.052805,-0.013677,-0.004304,0.008987,-0.034676,-0.016438,0.044361,-0.049734,-0.046819,0.003438,-0.067724,-0.011418,0.014146,0.029550,0.002673,-0.001886,0.033232,0.056892
1000051,0.046118,0.018210,0.029386,-0.078490,0.026427,0.030746,0.009496,-0.104033,-0.083532,-0.010962,-0.054257,0.073061,0.030500,-0.004714,-0.048984,-0.028339,0.011855,0.139533
1000052,0.080956,-0.100681,-0.127392,-0.028030,0.024315,0.014398,-0.034136,0.011409,-0.115485,-0.079963,-0.087265,-0.054177,0.041805,-0.025661,-0.013191,0.006644,0.024158,0.021314
1000053,-0.011126,0.092737,0.033059,-0.000732,-0.095131,-0.074927,-0.009217,-0.012338,-0.024817,-0.051804,-0.102035,0.023924,0.083013,0.064947,-0.017377,-0.033556,-0.004960,0.079097
1000054,0.054380,-0.026001,-0.005891,-0.082035,0.062681,0.077935,0.000977,-0.088674,-0.018327,-0.031523,-0.046354,0.035042,-0.040678,-0.029986,-0.045872,0.033474,0.107598,0.073707
1000055,0.121456,-0.036735,-0.093955,0.007835,-0.083780,-0.050406,-0.003056,0.031860,-0.062044,-0.021501,-0.151901,0.030395,0.022706,-0.032609,0.044498,-0.003565,-0.046984,0.019339
1000056,0.082240,-0.153517,-0.111946,-0.057313,0.013006,0.015484,-0.101723,-0.005998,-0.113249,-0.115809,-0.122990,-0.042556,0.072876,-0.032842,-0.079323,0.055584,-0.026031,0.022876
1000057,-0.030726,0.061226,-0.038788,0.077901,-0.104897,-0.152796,0.033210,0.057178,0.015254,-0.018761,-0.054807,0.008270,0.108756,0.114852,0.113633,-0.086022,0.060268,0.005228
1000058,0.160888,-0.045547,-0.104001,-0.056366,0.019321,-0.016842,-0.059608,-0.004473,-0.080054,-0.010340,-0.149298,0.018994,-0.022194,-0.012524,-0.058452,-0.032009,-0.021270,0.062665
1000059,-0.035577,0.021990,0.073082,-0.036909,-0.008666,-0.011070,0.015133,0.002545,-0.055995,-0.045783,-0.022984,0.036105,-0.009943,-0.031310,-0.055532,-0.035269,0.029392,0.022523
1000060,-0.016515,0.029818,0.008773,0.097177,-0.106541,-0.091329,-0.046260,0.027448,0.014633,0.010273,0.009352,-0.052524,0.065886,0.073702,0.081984,-0.008405,-0.036662,-0.018961
1000061,-0.013877,0.023928,-0.085295,-0.006726,0.007646,-0.022042,-0.031654,-0.046630,-0.076344,0.035574,-0.043503,-0.034414,0.018088,0.024478,0.012433,-0.009119,-0.028534,0.021998
1000062,-0.015894,0.037981,-0.027808,0.032635,0.006822,-0.050927,0.034165,-0.068737,-0.012390,0.069279,-0.081472,-0.023322,-0.014228,-0.027136,-0.012370,-0.039309,0.078651,-0.032128
1000063,-0.007853,0.012239,0.003480,0.039169,-0.052662,-0.000758,0.027173,-0.041075,-0.050686,-0.009347,-0.049096,-0.016997,0.029770,0.001145,0.000765,-0.019289,0.052094,0.039013
1000064,-0.003824,-0.008509,-0.017735,-0.066072,0.035434,-0.011980,0.055953,-0.061252,-0.035111,0.025805,-0.042250,0.072986,0.019263,0.014164,-0.046887,-0.020493,0.031015,0.073986
1000065,0.035416,0.023046,-0.025780,-0.000766,0.067046,0.027735,0.006023,-0.096088,0.053025,0.055948,-0.082125,0.022902,-0.057638,-0.013143,-0.021250,0.015063,0.073395,0.076123
1000066,-0.069622,0.064534,0.049571,0.095638,-0.167204,-0.162599,-0.066531,0.094083,-0.041012,-0.118082,-0.008408,-0.082696,0.094069,0.042187,0.088789,-0.028987,-0.003215,0.021783
1000067,0.032120,-0.047146,0.017946,-0.069756,-0.014460,-0.006331,0.051012,-0.037818,-0.079314,-0.060813,-0.057639,0.071363,0.034949,-0.017075,-0.036147,-0.001136,0.043683,0.038022
1000068,0.105266,-0.107520,-0.128915,0.010110,-0.023456,-0.049361,-0.058610,0.040015,-0.066382,-0.004134,-0.142926,-0.071499,0.015225,-0.041233,0.024673,-0.024545,-0.089541,-0.033632
1000069,0.006335,0.016242,-0.031552,0.010137,-0.015011,-0.032803,0.048380,0.005294,-0.065326,0.025529,-0.104037,0.026550,-0.045872,0.013262,0.008145,-0.054137,-0.012637,0.006187
1000070,-0.019077,0.035378,-0.044094,0.017567,-0.072116,-0.059035,-0.035568,0.034439,-0.021246,-0.055824,-0.078943,-0.000553,0.090154,0.070411,0.002159,-0.018298,0.014596,0.016044
1000071,0.077868,-0.023391,-0.024494,-0.011961,-0.049069,-0.019730,0.078234,0.001154,-0.022884,0.042178,-0.123091,0.022750,0.064982,0.000052,-0.006836,-0.009525,0.078306,0.053675
1000072,0.019469,-0.022113,0.024590,-0.032443,0.017533,-0.027099,0.040927,-0.063490,-0.033504,0.037729,-0.046410,0.024620,0.045063,0.017242,-0.056657,0.006034,0.037811,0.074739
1000073,-0.003294,-0.015493,0.092640,0.093859,-0.163185,-0.086952,-0.119124,0.065795,0.036739,-0.094236,-0.011395,-0.069231,0.015740,0.044836,0.060229,0.014126,-0.061460,-0.054956
1000074,0.055389,0.012937,-0.027494,-0.028026,0.019252,-0.037703,0.010067,-0.046801,-0.039445,0.019027,-0.118900,0.016828,0.025856,-0.005761,-0.020169,-0.064590,0.042824,0.076934
1000075,-0.042399,0.056700,0.014824,0.100754,-0.144722,-0.102703,-0.009360,0.060328,0.035640,-0.018311,-0.061256,-0.014673,0.089148,0.076855,0.059675,-0.018273,0.000936,0.032822
1000076,0.082957,-0.044484,-0.031122,-0.038051,0.125165,0.029193,0.003221,-0.063678,0.036019,0.007399,-0.076820,-0.031074,0.017006,0.030596,-0.025024,-0.032246,0.124748,0.010335
1000077,-0.054198,0.023651,-0.033813,0.055008,-0.033341,-0.109142,0.020760,0.059634,0.082387,0.050928,-0.078779,-0.034941,0.032272,0.022248,0.061975,-0.002776,0.021137,-0.023681
1000078,-0.057411,0.011785,0.083977,0.094910,-0.131763,-0.092323,-0.061996,0.025785,0.063326,-0.070514,-0.009044,-0.033560,0.002335,0.048842,0.076832,0.014238,-0.028449,-0.012380
1000079,-0.010960,-0.032417,-0.011637,0.042596,0.016430,-0.044668,-0.083456,-0.053748,0.009255,0.089422,-0.109086,-0.052324,0.045902,-0.010647,-0.019995,0.011332,-0.047126,-0.012023
1000080,0.124045,-0.099290,-0.065064,-0.101635,0.113427,0.089022,-0.074257,-0.016933,-0.103950,-0.078568,-0.093081,-0.038368,-0.023612,-0.085748,-0.057097,0.038771,0.011565,0.002369
1000081,0.025969,-0.045398,-0.018856,-0.020936,0.022885,0.021657,0.019467,-0.081246,-0.019197,0.003277,-0.095183,0.049879,0.115947,0.028322,-0.032409,-0.029872,0.070416,0.061494
1000082,0.065104,-0.034167,-0.081173,0.038740,-0.017791,-0.067108,-0.119280,0.065302,-0.087252,-0.053502,-0.182360,-0.081529,-0.003491,-0.057221,0.036112,0.003321,-0.022543,0.019141
1000083,0.086547,-0.075913,-0.141630,-0.045186,0.029177,-0.016991,0.046243,-0.049385,-0.053420,-0.010051,-0.135880,0.058030,0.077138,-0.014768,0.028427,-0.094636,0.057861,0.082383
1000084,0.077096,-0.024303,-0.053977,-0.056900,0.059193,0.077180,-0.075643,0.079398,-0.043689,-0.033398,-0.012746,-0.094239,-0.025163,-0.090886,-0.100439,0.026028,-0.052099,-0.003870
1000085,0.086813,-0.040747,-0.126093,-0.018890,0.050030,-0.004455,-0.050415,-0.035969,-0.022227,-0.018188,-0.119542,-0.011333,0.068896,0.000638,-0.001597,-0.023515,-0.005065,0.013830
1000086,-0.080962,0.049771,0.027210,0.075864,-0.089957,-0.091805,-0.001659,0.049300,0.038419,-0.103034,-0.045350,-0.032298,0.061715,0.111787,0.124068,-0.056098,0.055944,0.018960
1000087,-0.107784,0.081219,0.000891,0.095836,-0.106100,-0.103503,-0.020815,0.080433,0.028222,-0.071133,-0.021662,-0.059111,0.083667,0.078378,0.081819,-0.021930,0.052953,0.016832
1000088,-0.029669,0.016251,-0.051435,-0.001883,-0.046740,-0.092034,-0.083399,0.034449,-0.015216,-0.084356,-0.028187,-0.060863,0.076121,-0.001543,-0.002972,0.050896,-0.001306,0.048432
1000089,-0.057095,0.035474,-0.110373,0.061775,-0.023022,-0.094806,0.033776,0.001967,0.000807,0.005682,-0.044778,0.010859,0.085767,0.017086,0.054503,-0.116494,0.037127,-0.036798
1000090,0.023588,-0.018706,0.030268,-0.060651,-0.000650,0.051459,0.026249,-0.030063,0.003222,-0.024551,0.022417,0.031264,-0.009852,-0.046080,-0.077025,-0.010460,0.053434,0.060231
1000091,-0.054320,0.056554,0.064340,0.100977,-0.110040,-0.090559,-0.035728,0.039602,0.044998,-0.118031,-0.000768,-0.034335,0.028647,0.080542,0.086308,-0.058545,0.019980,-0.003088
1000092,0.088669,-0.036529,-0.057465,-0.045701,0.018517,-0.010750,-0.050811,-0.028751,-0.083820,0.016057,-0.129635,0.074684,-0.012161,-0.018699,-0.001962,-0.082053,-0.044945,0.082792
1000093,-0.000069,0.088543,0.028187,0.053200,-0.115063,-0.078166,-0.036414,0.018378,-0.005267,-0.059375,-0.046581,-0.011708,0.107412,0.073851,0.062925,-0.063542,0.000463,0.060916
1000094,0.010118,-0.022841,-0.014976,-0.028931,0.049610,0.068285,0.026186,0.007565,-0.033444,-0.010475,-0.001623,-0.042055,-0.045583,-0.035459,-0.009435,0.062310,0.009555,-0.030371
1000095,-0.068528,0.156060,0.077285,0.039240,-0.092253,-0.055142,0.028679,0.017467,0.007187,-0.064408,0.016837,0.005172,0.125906,0.124579,0.093502,-0.044604,0.085756,0.083360
1000096,-0.013209,-0.039848,-0.043704,0.032521,-0.064664,-0.098339,-0.049093,0.024232,-0.085016,-0.075840,-0.063950,-0.089952,0.061504,-0.018862,0.022281,0.040199,-0.010063,0.020025
1000097,0.081087,-0.053087,-0.070098,-0.021159,-0.005535,-0.004729,-0.078932,0.014551,-0.115452,-0.037966,-0.068037,-0.046100,-0.074040,-0.050140,-0.009193,0.082046,-0.066439,0.016179
1000098,0.046885,0.061822,-0.016332,-0.071640,-0.017949,-0.023917,-0.025460,-0.014697,-0.051585,-0.000515,0.003701,0.064770,-0.011824,-0.037708,-0.004728,-0.081906,-0.001456,0.003185
1000099,0.008830,-0.027286,-0.014694,-0.088940,0.060120,0.014951,-0.006573,-0.027553,-0.028931,-0.005344,-0.083261,0.021713,-0.021016,-0.011453,-0.097471,0.036226,-0.038985,0.040226
