2000000,-0.001126,-0.000257,0.000305,0.001045,0.001131,0.001113,-0.001102,-0.000477,-0.001034,-0.000822,0.001132,0.001085,0.001031,-0.000783,-0.001030,-0.001049,-0.001132,-0.000929
2000001,0.000482,-0.000482,-0.000480,-0.000481,-0.000481,-0.000480,-0.000482,0.000482,0.000482,-0.000482,-0.000482,0.000482,-0.000482,0.000482,0.000482,-0.000482,0.000482,0.000482
2000002,-0.002863,0.002863,-0.002863,-0.002863,-0.002864,-0.002864,-0.002864,0.002864,0.002863,0.002863,0.002864,0.002857,0.002864,0.002864,-0.002864,0.002860,-0.002863,0.002864
2000003,-0.002593,0.002994,-0.000682,-0.003081,0.003033,0.000632,-0.002963,0.003050,-0.002951,0.000283,0.001810,-0.002966,0.003114,0.001963,0.001462,0.003056,-0.000692,0.002975
2000004,0.000996,-0.001029,0.001127,-0.001072,0.000100,-0.000800,0.001113,0.001126,0.000833,0.000328,-0.001055,0.000677,0.000272,-0.000550,0.000422,-0.000821,0.000799,0.000781
2000005,0.000545,0.000544,0.000539,-0.000543,-0.000545,-0.000545,0.000545,0.000544,-0.000545,-0.000544,-0.000545,0.000545,-0.000545,0.000544,0.000545,0.000545,-0.000545,-0.000545
2000006,0.000487,-0.000489,0.000489,-0.000488,0.000489,-0.000489,-0.000488,-0.000470,0.000488,-0.000489,-0.000489,-0.000488,0.000484,0.000489,-0.000488,0.000489,0.000488,-0.000488
2000007,-0.000471,0.000488,-0.000488,-0.000488,-0.000488,-0.000488,0.000480,-0.000488,0.000489,-0.000489,0.000487,0.000488,-0.000488,0.000486,0.000488,0.000488,0.000489,-0.000488
2000008,-0.003015,-0.003118,0.002588,-0.003079,-0.003087,-0.002285,0.003108,-0.000542,-0.003047,-0.001867,0.002689,0.002390,0.002663,0.002952,-0.002101,0.003108,0.000245,-0.003117
2000009,-0.000991,0.003010,-0.002950,-0.002591,0.002868,-0.002332,-0.003016,0.001886,-0.002406,0.001516,0.002254,-0.002575,0.003115,0.001176,0.002883,-0.003092,-0.000041,0.003071
2000010,-0.000506,0.000506,-0.000505,-0.000505,-0.000506,0.000506,0.000506,-0.000506,-0.000506,-0.000506,0.000502,-0.000506,0.000506,0.000506,0.000506,0.000506,-0.000506,-0.000506
2000011,0.000481,0.000480,-0.000481,0.000482,-0.000482,0.000482,0.000482,-0.000482,0.000480,0.000477,-0.000482,0.000482,-0.000482,0.000482,0.000482,0.000482,0.000482,0.000480
2000012,-0.000744,0.000744,-0.000744,0.000744,0.000744,-0.000743,-0.000744,-0.000744,0.000744,-0.000744,0.000744,0.000744,0.000744,0.000744,-0.000744,-0.000744,-0.000743,-0.000744
2000013,0.000497,0.000497,-0.000497,0.000497,0.000496,0.000497,-0.000496,0.000497,-0.000497,-0.000497,-0.000497,0.000497,0.000497,-0.000497,-0.000497,0.000497,-0.000497,-0.000497
2000014,-0.000482,0.000482,-0.000482,0.000482,0.000482,-0.000482,-0.000482,-0.000482,-0.000482,-0.000482,0.000482,0.000482,0.000482,-0.000482,-0.000482,-0.000482,-0.000482,-0.000482
2000015,-0.000638,-0.000639,0.000639,0.000635,0.000639,-0.000639,0.000639,0.000639,0.000639,-0.000639,-0.000639,0.000639,-0.000638,-0.000639,-0.000639,-0.000639,0.000639,0.000639
2000016,0.000484,0.000484,-0.000484,0.000484,-0.000484,0.000484,0.000484,0.000484,-0.000484,-0.000483,0.000484,-0.000484,-0.000484,-0.000484,0.000484,0.000484,-0.000484,-0.000484
2000017,0.000494,-0.000496,0.000495,0.000488,-0.000496,-0.000494,0.000496,-0.000495,0.000496,-0.000496,-0.000496,0.000495,-0.000495,0.000494,0.000495,0.000494,0.000495,-0.000495
2000018,0.000496,-0.000496,0.000496,-0.000495,-0.000495,-0.000495,-0.000377,-0.000496,0.000495,-0.000496,0.000495,0.000495,0.000495,0.000495,0.000496,0.000495,-0.000496,-0.000487
2000019,-0.000492,0.000490,-0.000488,0.000479,-0.000492,0.000492,-0.000486,-0.000492,0.000492,0.000491,-0.000493,-0.000477,-0.000493,-0.000492,0.000488,0.000493,-0.000491,-0.000493
2000020,0.000581,-0.000581,0.000580,-0.000581,-0.000580,0.000536,0.000580,0.000580,0.000580,0.000571,-0.000581,0.000580,0.000580,-0.000578,0.000579,-0.000580,-0.000580,-0.000580
2000021,-0.000496,0.000496,-0.000496,-0.000496,-0.000495,0.000496,-0.000496,-0.000496,0.000495,0.000495,-0.000496,-0.000496,-0.000496,0.000496,0.000496,0.000496,0.000495,-0.000496
2000022,0.000581,-0.000580,-0.000581,0.000580,-0.000581,0.000581,0.000581,-0.000534,0.000579,0.000581,-0.000581,-0.000581,-0.000580,-0.000579,0.000580,0.000581,-0.000578,-0.000581
2000023,0.000488,0.000488,0.000488,-0.000488,-0.000484,0.000488,-0.000488,-0.000489,0.000488,-0.000489,0.000489,-0.000488,-0.000487,-0.000486,0.000488,0.000488,0.000488,-0.000489
2000024,-0.000492,0.000492,-0.000478,-0.000492,-0.000492,0.000492,-0.000488,-0.000492,0.000492,0.000492,-0.000493,0.000492,-0.000493,-0.000493,0.000492,0.000493,-0.000491,-0.000492
2000025,-0.000493,-0.000493,0.000493,-0.000493,-0.000493,-0.000493,0.000493,-0.000493,0.000493,-0.000493,-0.000493,0.000493,-0.000493,0.000493,0.000493,0.000493,0.000493,0.000493
2000026,0.002858,0.002430,0.001614,0.002575,0.002905,-0.001997,0.001194,0.000251,0.002566,-0.000657,0.001404,0.002974,-0.003078,0.002157,-0.000767,0.003006,0.001778,0.001857
2000027,-0.000639,-0.000637,-0.000639,-0.000639,0.000639,-0.000639,-0.000639,0.000639,-0.000639,0.000639,0.000639,0.000638,-0.000639,0.000639,0.000639,-0.000639,-0.000639,-0.000638
2000028,0.000494,-0.000495,0.000496,-0.000496,0.000496,-0.000496,0.000496,-0.000496,0.000496,-0.000496,-0.000495,0.000496,-0.000496,-0.000496,0.000496,-0.000496,0.000496,-0.000495
2000029,0.000482,0.000482,-0.000482,0.000482,0.000482,-0.000482,0.000482,0.000481,0.000482,-0.000482,0.000482,0.000482,-0.000482,-0.000482,0.000481,0.000482,0.000482,0.000482
2000030,0.001140,-0.002134,0.002290,0.003114,-0.002497,0.002415,0.002843,-0.002775,0.002396,-0.002107,0.000803,0.002714,-0.002773,0.001173,0.000734,-0.002637,-0.000798,-0.002180
2000031,0.000963,0.001093,-0.000109,0.000217,-0.001050,-0.001092,0.001098,-0.001128,0.001112,0.000454,-0.001132,-0.001009,-0.000251,0.001087,0.001108,0.000830,0.000751,0.000978
2000032,-0.000493,0.000493,0.000493,-0.000492,-0.000493,-0.000493,-0.000490,-0.000492,-0.000487,0.000492,-0.000493,0.000493,-0.000492,-0.000493,0.000493,0.000493,-0.000486,0.000491
2000033,-0.000492,0.000490,-0.000492,-0.000487,-0.000492,0.000492,-0.000489,-0.000492,0.000492,0.000490,-0.000493,0.000478,-0.000493,-0.000492,0.000461,0.000493,-0.000491,-0.000493
2000034,-0.000493,0.000492,0.000493,0.000489,0.000492,0.000493,-0.000493,-0.000493,-0.000492,0.000493,-0.000493,0.000491,-0.000493,-0.000493,0.000493,0.000493,-0.000493,-0.000493
2000035,-0.002993,-0.003098,0.002942,-0.002922,-0.003113,-0.002424,0.003016,-0.002206,-0.002737,0.002086,0.002193,-0.002761,0.002921,0.003062,0.002974,0.002758,0.000211,-0.003132
2000036,0.000492,-0.000473,-0.000493,0.000493,-0.000489,0.000493,-0.000493,-0.000493,0.000493,-0.000493,-0.000493,-0.000493,0.000493,-0.000493,-0.000493,0.000493,0.000493,-0.000493
2000037,-0.000492,0.000490,-0.000488,0.000479,-0.000492,0.000492,-0.000486,-0.000492,0.000492,0.000491,-0.000493,-0.000477,-0.000493,-0.000492,0.000488,0.000493,-0.000491,-0.000493
2000038,-0.003111,-0.002834,-0.003006,-0.003105,-0.002924,-0.003093,0.001633,0.003098,0.002893,0.003111,0.002851,0.002813,0.003068,0.003036,-0.003106,0.002898,-0.003069,0.001891
2000039,-0.000502,0.000506,-0.000505,0.000506,-0.000506,0.000506,0.000506,-0.000506,-0.000506,-0.000506,0.000506,-0.000506,0.000506,0.000506,0.000506,0.000506,-0.000506,-0.000506
2000040,-0.000492,0.000492,0.000492,0.000493,0.000490,0.000493,-0.000493,-0.000491,0.000492,-0.000491,-0.000493,-0.000492,0.000492,-0.000491,-0.000484,0.000493,0.000493,-0.000493
2000041,0.000483,0.000483,-0.000478,-0.000483,-0.000483,-0.000483,0.000481,0.000482,0.000483,-0.000482,-0.000483,0.000483,-0.000483,-0.000483,0.000483,0.000484,0.000483,0.000483
2000042,0.000638,0.000638,-0.000638,-0.000638,-0.000638,0.000639,-0.000638,-0.000638,-0.000639,-0.000638,0.000638,0.000638,-0.000638,0.000638,-0.000638,0.000638,-0.000639,-0.000639
2000043,-0.002533,-0.003044,-0.001592,0.002899,-0.003028,0.003018,-0.003046,0.002799,0.003088,0.002003,0.000350,0.003087,0.003093,-0.002758,-0.002983,0.003007,0.002065,-0.003120
2000044,-0.000744,-0.000744,0.000744,0.000744,0.000743,0.000744,0.000743,-0.000744,0.000744,-0.000744,0.000744,0.000744,-0.000742,-0.000744,-0.000744,0.000744,0.000744,0.000744
2000045,0.002542,-0.002976,0.002221,-0.003080,0.002470,0.002815,0.003028,0.001224,0.002813,-0.002528,0.002160,0.003029,-0.003108,-0.002364,0.000375,-0.002234,-0.002362,-0.002967
2000046,0.000483,-0.000483,-0.000483,-0.000484,-0.000483,-0.000484,0.000483,-0.000483,0.000484,0.000484,0.000483,-0.000484,0.000483,-0.000483,0.000483,-0.000483,0.000483,-0.000483
2000047,0.001456,0.001774,0.002978,-0.001888,-0.000810,0.000909,0.000026,-0.002520,0.000922,0.002337,-0.001407,0.000076,-0.001032,0.002326,-0.001939,-0.001659,0.000072,-0.001033
2000048,-0.001000,-0.001000,-0.001000,-0.001000,-0.001000,-0.001000,0.001000,0.001000,0.001000,-0.000999,-0.001000,0.001000,-0.001000,-0.001000,0.001000,0.001000,0.001000,-0.000998
2000049,-0.002068,0.002588,0.003204,-0.001382,0.001833,-0.000752,0.000158,0.000944,-0.003392,-0.000412,0.001820,0.003331,-0.004179,-0.002723,0.000588,0.004455,0.000929,0.000939
2000050,-0.000481,-0.000481,0.000481,-0.000481,-0.000481,-0.000481,0.000481,0.000481,0.000481,-0.000481,-0.000481,-0.000481,-0.000481,-0.000481,0.000481,0.000481,0.000481,0.000481
2000051,0.002724,0.002901,0.002988,-0.000335,0.002797,-0.000627,-0.002731,-0.001839,-0.003050,0.002622,0.000953,-0.003012,0.002665,-0.001576,0.002851,-0.002951,-0.000607,0.002633
2000052,-0.003064,-0.002960,-0.003064,0.003065,0.002955,-0.003063,-0.002784,-0.003063,-0.002228,-0.003065,-0.003063,-0.003060,0.002915,0.003064,-0.003063,0.002746,-0.002909,0.002230
2000053,0.000484,-0.000484,-0.000484,0.000483,-0.000484,0.000484,0.000484,0.000484,0.000484,-0.000484,0.000484,-0.000484,-0.000484,0.000484,-0.000484,-0.000484,-0.000483,0.000484
2000054,-0.002752,-0.002747,-0.002742,-0.002753,-0.002753,-0.002751,-0.002752,0.002750,0.002714,0.002753,-0.002752,0.002723,0.002753,-0.002753,-0.002753,-0.002753,0.002753,0.002633
2000055,-0.000493,0.000493,0.000493,0.000493,0.000493,0.000493,-0.000493,0.000493,-0.000493,-0.000493,0.000493,-0.000493,0.000493,-0.000490,-0.000493,-0.000493,-0.000493,-0.000493
2000056,-0.000484,-0.000484,0.000484,0.000484,-0.000482,0.000484,0.000483,-0.000484,0.000456,-0.000484,-0.000484,0.000484,-0.000484,0.000484,0.000484,-0.000484,0.000484,0.000484
2000057,0.002878,0.004372,0.005126,0.003797,-0.002011,0.001609,-0.004123,-0.004342,0.004803,0.001383,0.003986,-0.000712,-0.001345,-0.006051,-0.004765,-0.003360,0.005413,-0.002354
2000058,0.001000,0.001000,0.001000,-0.001000,-0.001000,-0.000999,0.001000,0.001000,-0.001000,-0.000999,-0.001000,0.001000,-0.001000,0.001000,-0.001000,-0.001000,0.001000,-0.001000
2000059,-0.000484,0.000484,-0.000484,-0.000484,0.000484,-0.000484,-0.000479,-0.000484,0.000484,-0.000484,-0.000484,0.000484,-0.000484,-0.000484,-0.000484,-0.000484,0.000484,-0.000484
2000060,-0.000744,0.000744,0.000744,0.000744,-0.000744,-0.000744,0.000744,-0.000744,-0.000744,-0.000744,-0.000744,0.000744,0.000744,0.000744,-0.000744,-0.000744,-0.000744,-0.000744
2000061,-0.000545,0.000456,0.000545,0.000545,-0.000545,-0.000545,0.000545,-0.000526,-0.000545,-0.000544,-0.000545,0.000543,-0.000544,-0.000545,0.000545,0.000545,-0.000545,-0.000545
2000062,0.000484,0.000484,-0.000484,0.000484,0.000484,-0.000484,-0.000484,0.000484,-0.000484,0.000484,0.000484,-0.000484,0.000484,0.000484,-0.000484,-0.000484,-0.000484,0.000484
2000063,0.000484,-0.000484,0.000484,-0.000484,-0.000484,-0.000484,0.000484,0.000484,0.000484,0.000484,-0.000484,0.000484,-0.000484,-0.000484,0.000484,-0.000484,0.000484,0.000484
2000064,-0.000505,-0.000506,0.000506,-0.000506,0.000506,-0.000506,0.000506,-0.000506,0.000506,-0.000506,-0.000506,0.000506,-0.000506,0.000506,-0.000506,-0.000506,0.000506,0.000506
2000065,-0.000481,0.000481,-0.000481,0.000481,-0.000481,0.000481,-0.000481,0.000481,-0.000481,-0.000481,-0.000481,0.000481,0.000481,0.000481,0.000481,-0.000481,0.000481,-0.000481
2000066,-0.000999,-0.000995,-0.001000,-0.000999,0.001000,-0.000999,-0.001000,-0.001000,-0.000999,-0.000993,0.001000,0.000999,0.000997,-0.000999,-0.000999,-0.001000,-0.000999,0.000999
2000067,0.000482,0.000481,-0.000482,-0.000482,-0.000482,-0.000482,-0.000482,0.000482,0.000482,0.000482,0.000482,-0.000482,0.000482,-0.000482,0.000482,-0.000482,0.000481,0.000482
2000068,0.000581,-0.000581,0.000581,0.000581,-0.000581,0.000581,-0.000581,-0.000581,-0.000581,0.000581,-0.000581,0.000581,-0.000581,-0.000581,0.000581,0.000581,0.000581,-0.000581
2000069,-0.000483,-0.000483,0.000483,0.000483,0.000483,-0.000483,-0.000483,0.000484,0.000483,-0.000484,-0.000483,-0.000483,0.000484,0.000483,-0.000483,-0.000483,-0.000452,0.000483
2000070,-0.000489,-0.000487,0.000489,0.000489,-0.000489,0.000489,0.000488,-0.000489,-0.000488,-0.000489,-0.000489,-0.000489,-0.000489,0.000489,0.000489,0.000489,-0.000488,-0.000489
2000071,-0.002441,0.002443,-0.002440,-0.002443,-0.002441,0.002440,-0.002441,0.002440,-0.002442,0.002442,-0.002441,-0.002442,0.002442,-0.002442,0.002443,-0.002443,0.002439,0.002443
2000072,-0.000497,0.000493,-0.000482,-0.000497,0.000497,-0.000497,-0.000497,0.000497,0.000497,-0.000497,-0.000497,0.000496,0.000497,-0.000497,-0.000497,0.000497,-0.000497,0.000497
2000073,-0.002958,0.003071,-0.002964,0.002421,0.003117,0.002924,-0.003113,0.002806,-0.002232,0.003056,0.002918,0.003014,0.003108,-0.001390,0.003064,-0.003135,-0.002831,-0.003105
2000074,0.002805,0.003093,-0.003065,0.002214,0.003108,0.001579,0.002706,0.002408,-0.002439,0.002818,-0.002900,0.001805,0.001966,0.003048,0.002883,0.003061,-0.000498,0.003124
2000075,0.002370,0.002372,-0.002371,-0.002373,-0.002372,-0.002373,-0.002371,-0.002373,-0.002372,-0.002373,-0.002374,-0.002370,0.002372,0.002373,-0.002373,-0.002374,-0.002373,0.002373
2000076,-0.000545,0.000545,-0.000545,0.000545,-0.000545,0.000545,-0.000545,0.000545,-0.000545,-0.000545,-0.000545,0.000545,0.000545,-0.000545,0.000545,-0.000545,0.000545,-0.000545
2000077,-0.000497,0.000497,0.000497,0.000494,0.000497,0.000497,-0.000497,-0.000497,-0.000497,0.000497,0.000497,0.000469,0.000497,-0.000497,-0.000497,-0.000497,-0.000497,-0.000497
2000078,-0.000639,-0.000639,0.000639,-0.000639,-0.000639,-0.000639,0.000639,-0.000639,0.000639,0.000639,-0.000639,-0.000638,-0.000639,0.000639,0.000639,-0.000639,0.000639,0.000639
2000079,0.000488,-0.000489,0.000489,-0.000488,0.000489,-0.000489,0.000484,0.000489,0.000489,-0.000489,-0.000488,0.000489,-0.000489,-0.000489,0.000488,-0.000489,0.000489,0.000488
2000080,0.000487,0.000489,-0.000489,-0.000489,0.000489,-0.000489,-0.000488,-0.000488,0.000488,-0.000489,0.000488,0.000488,-0.000489,0.000488,0.000486,-0.000488,0.000489,-0.000487
2000081,0.000497,0.000491,-0.000483,0.000497,0.000496,0.000496,-0.000496,-0.000496,-0.000496,0.000496,-0.000489,-0.000496,-0.000496,0.000494,0.000493,0.000496,-0.000496,-0.000497
2000082,-0.002281,0.001206,0.003129,-0.002617,0.002471,0.002469,0.002576,0.002822,0.000761,-0.003095,0.002785,0.002425,0.001360,-0.002839,0.001912,0.000920,-0.001459,0.002652
2000083,0.000741,0.000743,0.000743,0.000743,0.000732,0.000744,0.000742,0.000732,0.000742,0.000744,0.000743,-0.000744,-0.000743,0.000729,0.000742,0.000743,0.000743,0.000743
2000084,0.000744,0.000743,0.000744,0.000744,-0.000744,0.000744,0.000744,0.000743,0.000744,-0.000744,-0.000744,-0.000744,-0.000744,-0.000744,0.000744,0.000744,0.000744,-0.000744
2000085,0.000494,-0.000496,0.000495,0.000488,-0.000496,-0.000494,0.000496,-0.000495,0.000496,-0.000496,-0.000496,0.000495,-0.000495,0.000494,0.000495,0.000494,0.000495,-0.000495
2000086,0.001253,0.002342,0.000861,0.001396,0.002808,-0.003130,-0.002678,0.003013,0.002961,-0.002834,-0.002643,-0.003013,-0.003056,-0.002548,-0.003115,-0.003022,-0.002419,-0.003076
2000087,0.000742,0.000744,0.000743,-0.000739,0.000743,0.000744,-0.000742,0.000743,-0.000740,0.000744,0.000743,-0.000744,-0.000743,0.000740,-0.000737,0.000741,-0.000741,0.000744
2000088,0.000624,0.001138,-0.001153,-0.001018,0.000073,0.001013,0.000332,0.000413,-0.000219,0.000747,0.001006,-0.000356,0.000474,0.000150,-0.000172,-0.000420,0.001161,0.000305
2000089,-0.001476,0.000525,0.001942,0.003081,0.002927,0.003068,-0.001751,0.001811,-0.002990,0.002492,0.002257,-0.002068,0.002857,-0.001443,0.003022,-0.001203,0.000156,0.002866
2000090,-0.002956,-0.001129,0.002262,0.003096,0.001113,-0.002679,0.002728,-0.002943,0.002854,-0.001420,0.001176,0.002303,-0.002042,-0.000448,0.001558,0.002634,-0.000900,-0.002475
2000091,0.000484,0.000484,-0.000484,0.000484,0.000484,-0.000484,-0.000484,0.000484,-0.000484,0.000484,0.000484,-0.000484,0.000484,0.000484,-0.000484,-0.000484,-0.000484,0.000484
2000092,0.000506,-0.000506,0.000506,0.000504,-0.000504,-0.000505,0.000506,-0.000506,0.000497,-0.000504,-0.000500,0.000504,0.000506,0.000506,0.000505,-0.000479,0.000506,-0.000505
2000093,-0.000492,0.000493,-0.000492,0.000493,-0.000493,0.000493,0.000493,-0.000493,-0.000492,-0.000492,-0.000493,-0.000493,-0.000487,0.000492,-0.000492,0.000493,-0.000493,-0.000493
2000094,0.000489,0.000488,-0.000488,-0.000488,-0.000487,0.000489,-0.000489,-0.000489,0.000488,0.000487,0.000489,-0.000489,0.000488,-0.000489,-0.000488,0.000489,-0.000489,-0.000488
2000095,0.002750,-0.002751,0.002751,0.002751,-0.002751,-0.002750,0.002751,0.002750,-0.002750,-0.002751,-0.002751,-0.002750,-0.002751,-0.002751,0.002748,-0.002750,0.002750,0.002751
2000096,0.002976,-0.002639,0.000454,0.003122,0.002366,-0.002743,0.002666,0.003023,-0.002745,0.001196,-0.000447,-0.001384,0.002191,-0.001205,-0.001311,0.002769,-0.002283,-0.000879
2000097,-0.000492,0.000490,-0.000488,0.000479,-0.000492,0.000492,-0.000486,-0.000493,0.000492,0.000491,-0.000493,-0.000477,-0.000493,-0.000492,0.000488,0.000493,-0.000491,-0.000493
2000098,0.000493,-0.000493,0.000490,0.000493,0.000493,-0.000493,-0.000493,0.000493,0.000493,-0.000492,0.000493,0.000493,-0.000493,-0.000493,-0.000492,0.000493,0.000492,-0.000493
2000099,0.001244,-0.000786,0.000129,-0.001069,-0.000470,-0.001244,0.000611,-0.000605,0.000769,0.000376,-0.000263,-0.000152,-0.000191,-0.001248,0.001165,-0.000661,0.000501,0.001150
